TRIAL
-1 0 3 3 0.00000000000000000000 26.88195207156181254504 32.82294308467027121878 41.02872676625491266122 -80.04982596631060687287 -4.69328393234243090859 -30.30333547636575985962 -3.68701011959028646103 -46.11933476160423595047 -168.87440404799568227645 -31.75420840969322711089 34.93070090603663402362
-1 1 64365 24.28835720640964979111 -67.94944314034658816581 105.07920512223273590280 30.61208698920361470641
-1 2 14134 30.73641739466346933796 -41.54830111508194789849 111.16423814165989369940 40.35181084752493063661
-1 3 75626 38.75371488029070832226 114.67578449947318119939 161.28629542322346424044 22.26654842893899299838
-2 0 3 3 0.00000000000000000000 34.47431343123076885604 42.08452871398321093466 181.30262473762462605009 -70.17693210125169400726 3.78319552781195067581 -23.14927634904364950330 112.74432399374113344948 37.87284993876688332648 10.15757550045967150254 54.11303836528252730886 50.80878728283687451039
-2 1 63559 32.64253672472050027409 -202.15001407047216730462 39.71065925553831732486 -4.42149914091467000077
-2 2 59961 39.86787472606309989942 -170.38492753329128959194 -97.31602080529285103694 -7.95879885422600708011
-2 3 29128 53.18821325829119928130 -135.57653741621467702316 -196.56224384395432025485 -120.54006607181447918720
-3 0 3 3 0.00000000000000000000 16.54225279012365490416 24.14053466228506650282 -135.91470361390591392592 143.36868437457704317239 5.33375779488181755994 74.73367005553676278851 -169.16854241300592320840 -1.20021867919846747519 88.61209340472831286206 -50.93120095726325047281 2.18472677661436120999
-3 1 40022 15.54225279012365490416 213.90725512521041196123 -145.61863977539539405370 72.89838926208462055456
-3 2 70751 22.75879262269073777247 121.40813027120807987558 39.91158558577569692716 -19.16717655009673748623
-3 3 67523 34.00394558902148389734 4.67364013376492870577 116.02262663926678953885 12.25841620383449814824
-11 75084 0.00000000000000000000 29.92219514243499389750 303.67294848345460422934 789.33958623215721672750 6.08613674817447503074 32.44532306873576033013 -642.17920190529923729628 -2.28033128972329102169
-12 38589 0.00000000000000000000 26.37978707911087639104 709.08828900141611484287 -197.47378383874996643499 -11.96322680208588273842 -681.06037898804049746104 247.90086740966984280021 11.17743062427608613518
40022 98306 2 17.542253 35.519348 -82.970356 -85.731143 8.293561 31.576072 131.935154 -51.242825
40022 30437 2 17.542253 35.519348 -116.603807 9.218363 -3.126030 84.858908 61.187937 -25.713379
70751 18329 2 24.758793 38.329381 -83.965849 -36.726906 3.591891 61.959409 87.347902 12.992318
70751 9275 2 24.758793 38.329381 81.871407 71.162997 7.586523 -36.576812 -131.685265 12.547062
70751 6406 2 24.758793 38.329381 101.277514 32.769468 7.767473 -64.507032 -101.274543 7.150692
64365 77258 2 26.288357 44.769604 -33.850278 -8.242959 -11.228385 26.705958 19.435552 -8.839249
64365 56534 2 26.288357 44.769604 -43.988689 -20.815682 -1.173832 40.754870 40.843656 33.209203
64365 69227 2 26.288357 44.769604 -12.912463 -25.779079 -3.876196 8.206661 33.642909 -3.314330
38589 69274 2 28.379787 38.758921 -67.415748 -51.926336 49.060588 63.981537 57.978729 -29.951443
38589 24570 2 28.379787 38.758921 38.630045 50.549566 11.096251 -34.880167 -53.418462 -8.865595
38589 42421 2 28.379787 38.758921 9.434202 121.344757 28.931119 -0.181930 -120.974977 -16.278788
75084 17671 2 31.922195 42.032556 36.361630 -6.828447 -27.365060 -44.099986 9.920155 24.541956
75084 31135 2 31.922195 42.032556 8.185871 -23.242795 -27.228378 -8.973060 19.833848 22.642476
75084 66836 2 31.922195 42.032556 -46.417314 -6.711117 8.021943 56.826889 1.532188 -38.040619
14134 98848 2 32.736417 46.870561 -29.063282 -10.034261 7.041635 26.704647 19.333792 -26.041210
14134 56185 2 32.736417 46.870561 -31.866983 -16.039727 -16.183746 28.697920 24.595511 42.431399
14134 16303 2 32.736417 46.870561 -1.045300 -39.783649 6.283777 -2.476430 42.566837 11.021982
63559 31735 2 34.642537 46.236817 -29.612506 -32.523872 14.830410 22.065436 38.293683 -29.207080
63559 787 2 34.642537 46.236817 -3.829868 0.268038 -19.537805 6.833062 2.108266 64.882757
63559 63302 2 34.642537 46.236817 -0.611158 77.326143 20.665790 17.665342 -75.723823 -27.217736
67523 92324 2 36.003946 53.981040 -104.104939 33.960812 -10.342781 134.416373 23.897198 3.983079
67523 4411 2 36.003946 53.981040 -15.606040 -107.200269 -15.660991 -4.204749 84.605956 4.155207
67523 41306 2 36.003946 53.981040 84.271313 75.216870 -1.815670 -45.782970 -108.349241 31.437972
30437 41747 2 37.519348 51.089936 -88.653948 36.342742 -18.148812 115.277240 12.150936 13.773366
30437 28141 2 37.519348 51.089936 106.731302 -50.157172 0.793483 -125.390229 -54.366172 -58.974334
30437 90578 2 37.519348 51.089936 106.332530 -51.315205 17.632685 -132.837195 -20.198921 17.815578
98306 92432 2 37.519348 61.674308 -3.861409 -29.112583 16.621187 3.637944 30.425528 52.325414
98306 59027 2 37.519348 61.674308 -5.305886 -20.206855 -21.686911 10.421848 2.138649 -37.059885
98306 58480 2 37.519348 61.674308 -6.181200 34.038229 -0.599478 20.361997 -14.358416 18.283128
6406 90228 2 40.329381 53.899969 -107.855982 -45.103436 7.612499 99.740930 94.133014 4.505350
6406 80035 2 40.329381 53.899969 -91.634178 45.074350 5.002102 113.551429 20.094494 -8.619834
6406 74372 2 40.329381 53.899969 95.302433 57.194925 3.576693 -79.516308 -113.225829 -28.564501
9275 18820 2 40.329381 62.743350 -83.655441 63.379199 4.878876 112.983540 14.790177 56.554741
18329 50847 2 40.329381 58.306476 -105.586812 52.939118 0.424274 148.654648 -7.290802 -5.951885
18329 59673 2 40.329381 58.306476 -102.322014 -45.073662 -1.657867 104.093978 61.388401 -7.921629
75626 77106 2 40.753715 55.814228 -45.658371 -12.807142 1.987442 42.255960 27.050613 -20.653046
75626 63391 2 40.753715 55.814228 -39.457409 2.066239 0.896101 38.059604 9.950940 -3.921230
75626 40954 2 40.753715 55.814228 4.743945 -16.144223 -13.691118 -3.096490 16.908562 -41.970144
24570 99392 2 40.758921 51.138054 -27.496375 -137.962796 -47.230023 16.185528 138.299319 34.526518
24570 55471 2 40.758921 51.138054 36.525197 68.979320 18.824321 -30.702109 -70.411247 -42.099326
24570 19570 2 40.758921 51.138054 83.251330 80.492151 18.100918 -77.488481 -87.071881 -16.575722
42421 10549 2 40.758921 65.028127 -20.683622 -8.341209 -5.095930 18.656488 10.997333 -9.306282
42421 85884 2 40.758921 65.028127 -41.231069 -32.114287 -3.414026 34.839952 37.997724 -3.416121
42421 18319 2 40.758921 65.028127 16.749498 53.053297 -22.795440 -8.005117 -56.308185 11.366662
69274 32214 2 40.758921 65.028127 -37.335842 -24.055197 -0.361011 32.365479 29.054662 -16.391254
69274 48080 2 40.758921 65.028127 -15.038588 -39.367916 22.349032 7.703030 39.707344 -46.943298
69274 59895 2 40.758921 65.028127 -5.493360 17.323347 -1.504327 8.471994 -15.892135 5.913988
59961 70584 2 41.867875 53.462155 -41.456443 -30.546863 46.826974 32.388226 36.679683 -75.956843
59961 58971 2 41.867875 53.462155 65.829997 34.834585 17.491469 -56.086886 -47.164332 -5.414024
59961 74997 2 41.867875 53.462155 88.081221 1.416162 -14.445017 -85.942274 -22.629480 -5.216380
17671 33644 2 44.032556 54.142916 -109.875919 56.510735 8.252789 133.107568 -65.101414 9.958444
17671 87882 2 44.032556 54.142916 35.220509 -70.934821 7.950267 -43.916691 66.851025 10.901810
17671 19279 2 44.032556 54.142916 -36.192427 116.779849 2.646850 44.038273 -103.462196 -2.902777
31135 71811 2 44.032556 54.142916 26.572879 -65.166309 42.867229 -33.606960 59.710083 -44.287594
31135 92149 2 44.032556 54.142916 45.568222 0.223160 -30.716142 -58.191798 13.098509 -22.594849
31135 80684 2 44.032556 54.142916 -2.255019 57.430405 67.509760 3.333904 -48.071452 -61.730639
66836 4591 2 44.032556 54.142916 -32.338920 -8.715349 30.835872 37.335614 6.618517 -63.099091
66836 84297 2 44.032556 54.142916 -53.874498 57.550578 -0.088314 66.917023 -57.510231 28.770428
66836 46378 2 44.032556 54.142916 -9.771923 -2.281535 46.166467 12.299244 -0.896619 -12.881880
56534 1100 2 46.769604 65.250851 -34.771310 10.101389 -10.056964 31.267773 -6.770212 -76.590863
56534 30754 2 46.769604 65.250851 -30.582152 -8.515738 -6.652768 25.513696 15.911803 -34.445228
56534 22262 2 46.769604 65.250851 0.821865 13.315500 13.750751 -7.010851 -22.677954 -83.707429
69227 49658 2 46.769604 60.903748 -33.578118 -7.076762 16.663097 34.285225 18.525976 -4.642949
69227 71371 2 46.769604 60.903748 -28.874341 -28.046532 -18.998247 27.379390 36.269990 8.651025
69227 2415 2 46.769604 60.903748 10.739562 -31.896853 -0.717806 -11.800369 27.710912 -22.300030
77258 80679 2 46.769604 65.250851 -27.179126 -18.902419 -8.339260 28.239300 29.389651 17.132431
77258 16377 2 46.769604 65.250851 -40.469067 -4.032246 -12.671782 41.941098 20.047756 2.676195
77258 3332 2 46.769604 65.250851 -38.614849 -28.269809 -10.493020 39.692787 42.854787 20.637620
787 87575 2 48.236817 64.904915 -50.902040 -36.321274 5.352622 33.844656 47.880463 -50.652109
787 20369 2 48.236817 64.904915 -37.158294 -14.993830 42.699180 32.509824 30.185058 -20.509043
787 49218 2 48.236817 64.904915 45.752713 -8.944286 -3.872875 -48.784798 -8.268458 -27.554147
31735 40798 2 48.236817 59.831097 -51.149957 6.343294 2.149031 51.040266 5.289616 27.698553
31735 14032 2 48.236817 59.831097 -56.394444 -1.733644 12.524000 54.072422 14.244121 7.070856
31735 54552 2 48.236817 59.831097 53.722857 -2.981286 74.144001 -48.376483 -3.566324 10.271298
63302 62819 2 48.236817 64.904915 -6.262168 9.517235 -6.775878 8.403790 -7.189160 15.964376
63302 95146 2 48.236817 64.904915 9.517262 6.741971 -6.001700 -7.199036 -9.433947 19.412347
63302 67478 2 48.236817 64.904915 43.165366 -2.731150 -12.029294 -40.895033 -10.561546 0.032423
16303 31330 2 48.870561 63.004704 -26.646812 12.233808 12.904788 26.863512 -4.189227 -24.312229
16303 15377 2 48.870561 63.004704 -16.139586 -18.795824 -3.653018 18.276975 22.141471 38.654235
16303 41588 2 48.870561 63.004704 -26.075507 25.468726 9.626641 27.140545 -17.464938 -20.792004
56185 89379 2 48.870561 63.004704 -15.064109 2.145522 20.944651 13.974948 3.121077 -44.711424
56185 76791 2 48.870561 63.004704 -32.360762 -10.171968 3.955700 30.519137 20.430932 -28.480862
56185 25683 2 48.870561 63.004704 -20.741329 -25.755912 -9.440586 21.074785 33.284699 -54.257576
98848 82838 2 48.870561 63.004704 -32.681635 -16.610254 -19.089856 30.861186 23.321708 58.834093
98848 24973 2 48.870561 63.004704 -12.702026 14.921725 5.247123 18.679591 -16.823350 75.567181
98848 71827 2 48.870561 63.004704 -61.746168 9.492696 -4.104044 61.457419 8.543127 15.995621
28141 23561 2 53.089936 66.660524 -74.892436 74.359768 -13.401092 125.671809 -97.992245 -66.378555
28141 74686 2 53.089936 66.660524 58.279451 -65.441497 5.984279 -104.691187 31.068707 9.033686
41747 39028 2 53.089936 71.067031 -26.910763 112.908071 -4.671949 88.841007 -114.018799 51.741382
41747 40482 2 53.089936 71.067031 -88.635741 52.034442 -10.930188 107.046300 -44.610555 82.665895
41747 69025 2 53.089936 71.067031 74.412317 72.698849 5.225111 -12.253772 -99.202752 -16.767746
90578 52170 2 53.089936 66.660524 44.303697 -94.714688 -6.397093 -98.850739 55.804133 93.398361
90578 75488 2 53.089936 66.660524 63.750439 -93.634326 -5.605821 -123.256160 47.146647 67.838682
19570 62902 2 53.138054 63.517188 -58.416561 -108.847533 -18.518898 50.951838 113.839386 -13.476284
19570 98782 2 53.138054 63.517188 -10.921124 114.195293 -26.221990 19.991360 -111.891618 25.179673
19570 60958 2 53.138054 63.517188 76.066906 29.866322 26.790354 -74.533677 -36.880599 -30.323499
55471 59331 2 53.138054 63.517188 71.365335 54.825520 20.817879 -68.031573 -61.481073 -1.210196
55471 41142 2 53.138054 63.517188 76.972121 95.023894 56.508820 -70.393103 -101.569227 -37.643967
99392 91399 2 53.138054 63.517188 -88.045774 -42.496288 8.889568 85.862299 49.602551 10.529508
99392 56070 2 53.138054 63.517188 111.084463 98.645260 47.786239 -102.937555 -106.020466 -64.891906
99392 67917 2 53.138054 63.517188 108.589876 43.758833 65.900154 -105.990980 -53.479539 -56.116017
29128 33373 2 55.188213 66.782493 -0.322353 -40.560713 3.600075 -11.900861 39.970536 25.686014
29128 18459 2 55.188213 66.782493 28.054571 -10.166003 -42.452645 -32.758160 4.672250 80.339748
29128 58420 2 55.188213 66.782493 21.611531 -63.816631 -26.712062 -24.696063 61.314350 -25.091173
58971 44735 2 55.462155 67.056435 -48.341570 -27.432137 51.955638 38.894430 37.110079 -59.383731
58971 85847 2 55.462155 67.056435 -67.609398 21.848110 -21.104085 71.144391 -10.745224 -29.049279
58971 25826 2 55.462155 67.056435 6.966362 28.239707 -16.850665 -0.983134 -32.532905 -15.920967
70584 60914 2 55.462155 67.056435 -31.154917 45.313925 36.288943 40.191425 -33.808394 -3.807807
70584 98692 2 55.462155 67.056435 -22.086463 -14.249023 59.622341 21.621215 27.974219 11.484378
70584 27224 2 55.462155 67.056435 23.577382 19.695069 -30.945520 -11.667070 -18.205187 104.865158
74997 78697 2 55.462155 66.764904 55.640446 -7.352021 6.179024 -55.261704 -5.491960 -22.613299
74997 6894 2 55.462155 66.764904 18.767641 43.545981 -35.762773 -6.493689 -45.339887 66.743547
74997 97661 2 55.462155 66.764904 54.351449 60.978475 -27.564948 -39.469464 -71.403877 29.766401
74372 94094 2 55.899969 74.837934 -38.047655 60.663258 0.115154 79.443167 -26.329913 -17.558300
74372 88582 2 55.899969 74.837934 -33.051049 69.414407 -4.564825 82.219281 -39.279059 -41.155966
80035 82425 2 55.899969 69.470558 -28.737917 102.278775 -2.853549 87.452252 -91.281368 12.133855
80035 59052 2 55.899969 69.470558 -6.681373 105.043235 12.594914 67.611918 -105.656984 53.233320
80035 4772 2 55.899969 69.470558 79.757240 -73.247501 -5.680657 -130.365963 38.051516 29.553615
90228 5686 2 55.899969 73.877064 -106.989168 39.838455 -0.383947 134.395735 -31.947929 7.373364
90228 52608 2 55.899969 73.877064 -35.006860 -98.769494 -0.800464 -23.510383 51.208698 120.334636
90228 68534 2 55.899969 73.877064 106.493282 28.604428 -1.359847 -71.170932 -66.110434 19.919308
4411 83434 2 55.981040 78.371068 -45.758059 -0.938352 -2.950287 55.902258 -1.715546 2.421976
4411 51925 2 55.981040 78.371068 -38.766986 -9.987884 -3.133969 42.078222 6.478609 5.102075
4411 51309 2 55.981040 78.371068 33.221908 35.684038 -2.288725 -13.895094 -34.765490 37.626900
41306 57740 2 55.981040 78.395010 -73.123926 82.170724 -11.437042 105.353197 -31.271170 39.645122
41306 41564 2 55.981040 78.395010 -1.612126 104.356506 -9.498840 80.862089 -83.283300 23.857915
92324 11462 2 55.981040 80.136001 -23.827983 -12.111270 -1.686882 11.943233 13.700308 2.810580
92324 57798 2 55.981040 80.136001 -21.919116 -21.047473 7.151570 3.633216 23.670426 -0.491771
4591 12414 2 56.142916 66.253277 11.337590 -66.735598 40.203687 -16.698718 58.279075 -22.336863
4591 96301 2 56.142916 66.253277 44.777669 16.792529 10.125116 -47.751808 -8.233600 81.319999
4591 46120 2 56.142916 66.253277 25.664672 66.333880 -45.357370 -21.836790 -56.702457 112.870146
19279 92854 2 56.142916 85.005527 43.990108 122.007554 8.238783 -47.193163 -68.661322 -8.738023
19279 86989 2 56.142916 85.005527 -39.324262 93.621720 1.271911 76.629846 -92.270363 -8.352930
33644 97204 2 56.142916 66.253277 25.397490 -10.223208 14.260335 -30.162991 14.009311 -36.379579
33644 7304 2 56.142916 66.253277 -22.687914 -34.532654 18.600385 24.725926 24.482076 -36.217313
33644 59305 2 56.142916 66.253277 24.242851 44.336366 -19.996831 -25.680316 -33.246901 3.190509
46378 10346 2 56.142916 66.253277 34.184581 -68.066419 13.296231 -44.980611 71.515037 -61.461136
46378 48540 2 56.142916 66.253277 -56.003983 14.368497 -0.220994 66.939589 -24.505253 -10.262791
46378 34235 2 56.142916 66.253277 11.309481 75.718565 22.689481 -7.809380 -62.702208 -33.247763
71811 27970 2 56.142916 66.253277 29.407329 -36.748455 5.250148 -37.044426 39.989980 6.574858
71811 77913 2 56.142916 66.253277 23.370986 -60.569972 -28.500347 -32.025404 59.645841 34.008650
71811 34681 2 56.142916 66.253277 24.696815 15.277699 39.645790 -27.537315 -7.315801 -30.736592
80684 79699 2 56.142916 66.253277 -42.325242 132.405889 -18.855897 56.441693 -122.924446 20.318555
80684 66484 2 56.142916 66.253277 19.557098 124.046700 7.427560 -17.567379 -102.660544 9.808380
80684 96813 2 56.142916 66.253277 -45.328756 121.276836 -51.774704 59.366836 -113.040867 24.136334
84297 33463 2 56.142916 66.253277 -42.055590 -6.188432 6.133801 49.021537 -3.090693 4.764097
84297 66324 2 56.142916 66.253277 -21.167465 -20.734424 69.860149 23.532517 13.968552 -80.281603
84297 65581 2 56.142916 66.253277 -38.332056 33.572982 17.088855 47.374404 -36.422333 -3.593108
87882 76298 2 56.142916 66.253277 -28.929819 64.400153 37.333121 38.486069 -63.600993 -64.139757
87882 96591 2 56.142916 66.253277 48.087462 108.886648 49.218979 -48.114233 -85.838017 -61.964869
87882 20897 2 56.142916 66.253277 91.185226 117.478342 -25.872854 -96.371854 -85.285713 5.380068
92149 76734 2 56.142916 66.253277 -26.809423 82.635284 -28.136221 39.102271 -82.051353 65.260859
92149 38533 2 56.142916 66.253277 -9.829936 125.199654 47.667368 21.586171 -114.767144 -24.778291
92149 91344 2 56.142916 66.253277 -63.910957 132.543954 -36.364332 84.516273 -132.692218 67.221634
40954 67096 2 57.814228 72.874741 -42.238413 -13.933373 10.335030 46.468361 11.772421 107.182946
40954 70923 2 57.814228 72.874741 -0.757281 -14.327737 22.913411 -3.913709 12.111534 -2.159513
40954 72279 2 57.814228 72.874741 -50.005840 -24.395436 21.651543 42.950855 34.788284 21.167062
63391 59406 2 57.814228 72.874741 -44.104606 14.269306 2.313052 47.413110 -0.391001 -11.987563
63391 28252 2 57.814228 72.874741 -0.242247 22.015931 2.690600 2.477348 -20.192043 -10.549652
63391 56592 2 57.814228 72.874741 -16.979842 -2.711441 -3.469736 17.092350 7.516592 -0.432886
77106 63905 2 57.814228 72.874741 -33.524531 -25.740312 -0.266849 30.431041 32.812573 25.132013
77106 86840 2 57.814228 72.874741 -13.570510 -11.042264 7.923460 12.195684 14.073041 -0.375147
77106 72698 2 57.814228 72.874741 -0.772525 16.256748 24.876156 2.852085 -15.061438 -19.243842
50847 19394 2 60.306476 84.461436 -24.241240 5.250544 3.185459 19.596097 -4.560294 -6.251315
50847 82253 2 60.306476 84.461436 -23.523663 -13.546258 0.952893 8.055518 20.728517 7.342303
50847 52161 2 60.306476 84.461436 27.078938 1.922533 1.531333 -17.052971 -8.827868 -1.061430
59673 9918 2 60.306476 82.696504 -47.712626 4.864882 5.257849 45.876426 -11.375906 -0.822067
59673 35873 2 60.306476 82.696504 -33.764673 -24.102539 11.619116 14.645434 23.527925 13.078967
59673 24496 2 60.306476 82.696504 46.227551 -9.063355 -4.381657 -46.052947 8.115859 4.031986
14032 46081 2 61.831097 73.425377 -61.213827 -30.552150 -18.088180 52.673051 43.463343 16.380156
14032 75340 2 61.831097 73.425377 -23.116276 7.826269 -45.646469 24.246738 -2.524025 46.588924
14032 51929 2 61.831097 73.425377 21.187747 12.845843 -40.691539 -3.472858 -19.124824 127.756700
40798 38011 2 61.831097 78.499196 -16.626947 -43.223139 -22.242924 1.451868 46.053097 8.315648
40798 8130 2 61.831097 78.499196 22.800097 35.647926 -20.597219 -10.953892 -41.295379 9.092907
40798 29060 2 61.831097 78.499196 30.507904 50.523243 4.655612 -14.194025 -57.904845 -15.606613
54552 2514 2 61.831097 73.425377 -59.739293 -52.934069 5.905540 46.414964 51.302923 -122.611790
54552 30197 2 61.831097 73.425377 42.145088 14.014187 58.188467 -44.777194 -27.015257 -94.421250
2415 7413 2 62.903748 77.037891 -18.511499 2.051360 14.083392 21.044473 4.528041 19.629977
2415 88010 2 62.903748 77.037891 -23.750062 -13.538466 0.254985 25.849424 17.150650 -23.953230
2415 67958 2 62.903748 77.037891 -46.636841 -11.395617 -19.814901 48.429183 23.725675 28.327452
49658 16694 2 62.903748 77.037891 -19.035459 19.762933 1.247814 20.618678 -13.875990 -17.456541
49658 73989 2 62.903748 77.037891 0.277927 8.669771 12.541806 -0.771861 -15.425494 -70.054106
49658 64799 2 62.903748 77.037891 -47.795225 3.145197 -9.615654 52.631395 9.597716 12.895144
71371 44897 2 62.903748 77.037891 -46.540229 -15.484316 10.828269 48.267665 25.497737 -29.604978
71371 8697 2 62.903748 77.037891 -22.253611 10.865929 17.289445 24.787263 -3.869725 -17.550331
71371 35636 2 62.903748 77.037891 -26.241674 7.300205 36.790383 29.458136 1.180452 -25.382343
58480 37904 2 63.674308 87.829269 -23.849460 -1.830885 -2.011344 17.523289 9.201672 32.532497
58480 87656 2 63.674308 87.829269 -20.240787 11.936642 5.187295 23.503176 -5.652428 42.977182
58480 56811 2 63.674308 87.829269 20.799365 -19.929826 5.161200 -32.803165 18.878101 26.837035
59027 36833 2 63.674308 87.829269 -19.168484 9.411976 -2.709866 30.210384 -25.727898 -28.888392
59027 88251 2 63.674308 87.829269 -42.189341 -4.930686 -1.461409 21.961915 17.635094 78.958001
59027 60624 2 63.674308 87.829269 24.393151 21.310485 -4.460654 -31.689295 -3.275356 94.999433
92432 89459 2 63.674308 86.064336 32.583918 -10.037110 5.829123 -39.355839 9.492113 12.670465
18820 27812 2 64.743350 82.720445 107.204607 42.710191 -5.837146 -59.276110 -114.777687 32.459168
18820 67234 2 64.743350 82.720445 93.167585 64.125893 -12.306406 -42.044755 -125.634059 36.338493
18820 86124 2 64.743350 82.720445 35.425021 -110.039763 1.554643 -89.858113 93.334537 -0.426074
15377 50766 2 65.004704 80.065217 -12.135107 12.267230 -9.546680 9.715188 -7.742535 -26.566474
15377 94720 2 65.004704 80.065217 -20.027540 8.621247 25.178184 20.640454 -9.596924 -127.683688
15377 45093 2 65.004704 80.065217 -18.795086 21.137618 -28.876969 17.469649 -14.287881 -16.988493
24973 14241 2 65.004704 79.138848 -22.644049 31.300420 -10.279654 19.126304 -19.848803 -47.306749
24973 38009 2 65.004704 79.138848 -40.110787 -19.734575 -13.890787 34.164546 30.708773 -51.461331
24973 5592 2 65.004704 79.138848 -34.423691 13.822663 24.853842 32.632388 -5.251560 -126.156227
25683 41140 2 65.004704 79.138848 25.572652 45.712393 19.316634 -23.475134 -49.077451 -21.963633
25683 51158 2 65.004704 79.138848 24.792921 53.594857 14.485504 -25.950939 -56.821309 21.264775
25683 79759 2 65.004704 79.138848 -74.263188 -16.468899 27.826433 72.169604 32.090575 23.308756
31330 28878 2 65.004704 79.138848 -30.970677 2.118300 -2.550589 32.978532 6.289107 2.052408
31330 19922 2 65.004704 79.138848 0.444408 26.890726 18.096171 1.998145 -24.577663 -9.839029
31330 50103 2 65.004704 79.138848 7.423299 -27.424908 7.988897 -10.616194 23.410585 -5.513415
41588 79012 2 65.004704 79.138848 4.902643 -22.195442 18.180527 -2.841164 15.627549 -69.959613
41588 16185 2 65.004704 79.138848 -4.641960 51.565471 10.002864 8.814281 -45.402002 2.589932
41588 82915 2 65.004704 79.138848 20.179822 0.195161 -5.897746 -15.350327 -8.351265 -52.408723
71827 57585 2 65.004704 79.138848 -8.811508 16.618536 20.422407 10.785074 -13.606387 -4.341460
71827 47553 2 65.004704 79.138848 -16.636666 36.160862 5.172222 22.977720 -27.406856 -24.752426
71827 58455 2 65.004704 79.138848 -35.793468 42.968669 3.436207 42.731325 -30.076628 8.761127
76791 27397 2 65.004704 79.138848 -59.624579 31.716763 20.607106 67.596315 -13.749647 -33.480922
76791 83936 2 65.004704 79.138848 -73.718158 -12.983484 25.970008 76.624686 30.928438 -15.895867
76791 16514 2 65.004704 79.138848 -0.869628 55.895636 11.893098 5.403811 -49.970835 -16.892891
82838 74015 2 65.004704 79.138848 -2.788565 62.536600 33.511677 7.432384 -53.777550 -53.957809
82838 64445 2 65.004704 79.138848 31.838795 41.518527 -11.297153 -18.068670 -45.503902 -91.879424
82838 87582 2 65.004704 79.138848 -46.626867 -47.268640 32.214998 42.542232 57.592601 -58.122378
89379 29722 2 65.004704 79.138848 9.388579 32.170514 24.135221 -7.668216 -31.319783 -11.005803
89379 23207 2 65.004704 79.138848 14.353265 30.343896 21.024795 -12.567028 -32.712708 -48.231911
89379 99126 2 65.004704 79.138848 -19.807038 62.666551 1.740326 26.806267 -51.401405 21.492639
41142 28640 2 65.517188 75.896321 6.134921 -119.615072 -2.848936 -16.537468 116.601642 -1.316957
41142 14493 2 65.517188 75.896321 -4.638921 126.982730 -59.518730 14.951001 -125.182575 83.157303
41142 4752 2 65.517188 75.896321 140.478055 18.657690 69.107583 -139.842536 -31.776821 -83.284775
56070 92383 2 65.517188 76.827417 54.213720 -65.770629 -15.856407 -59.920062 60.548891 15.867306
56070 39993 2 65.517188 76.827417 -108.700001 -48.678347 -7.739279 104.996983 56.902321 42.381692
56070 79340 2 65.517188 76.827417 52.636658 34.456479 29.851128 -50.707277 -40.680071 -0.182998
59331 17593 2 65.517188 75.896321 -91.118714 -110.888455 75.255787 82.819617 117.058768 -82.355020
59331 61650 2 65.517188 75.896321 46.140910 116.917506 -13.458831 -36.637186 -118.983757 26.919567
59331 50905 2 65.517188 75.896321 30.927763 75.862630 26.429002 -24.915843 -77.395917 -23.611562
60958 99672 2 65.517188 76.827417 9.459410 -22.657475 19.697495 -11.641404 21.096139 -25.078503
60958 31328 2 65.517188 76.827417 -20.084649 -20.239979 49.088323 19.210180 21.941671 -65.830690
60958 38350 2 65.517188 76.827417 42.532663 9.147227 39.070758 -42.335234 -13.328544 -34.385572
62902 76386 2 65.517188 75.896321 -107.526355 -106.067636 20.066149 100.264817 113.425781 38.188947
62902 44694 2 65.517188 75.896321 107.744959 44.895576 -25.351890 -106.302303 -55.661758 44.727815
67917 99754 2 65.517188 76.827417 36.367919 -41.522429 20.564839 -39.405677 38.596312 -21.441936
67917 24044 2 65.517188 76.827417 -69.387415 -90.928544 8.677204 61.540536 96.046022 -8.203525
67917 29936 2 65.517188 76.827417 84.408590 0.170616 5.711890 -83.703040 -6.635329 -7.359255
91399 67825 2 65.517188 75.896321 -52.748022 -52.258863 43.746182 48.354867 55.906772 -53.918756
91399 59385 2 65.517188 75.896321 -111.239903 61.732559 -10.054989 115.340320 -53.158823 2.268237
91399 55863 2 65.517188 75.896321 6.517131 156.983782 4.442232 5.100623 -156.584943 -12.246813
98782 70952 2 65.517188 89.786394 -20.081381 25.163008 10.514332 23.063599 -22.700824 -19.911562
98782 15558 2 65.517188 89.786394 -2.137871 15.808379 18.441216 4.745852 -15.084879 -9.875035
98782 55578 2 65.517188 89.786394 39.612668 23.678200 -2.317421 -35.149910 -30.235185 -5.029652
20369 28019 2 66.904915 78.499196 -0.978293 -39.424800 56.002981 -15.023047 34.375880 -91.384719
20369 84321 2 66.904915 78.499196 -76.257945 32.904212 45.176198 74.660194 -25.829032 -117.994047
20369 73492 2 66.904915 78.499196 0.077933 -144.623052 36.774016 -37.423241 132.860322 -93.128025
49218 64715 2 66.904915 78.499196 -29.123922 79.831148 -47.824243 54.243067 -70.953151 105.193253
49218 99848 2 66.904915 78.499196 32.725886 15.860248 -63.285612 -27.982438 -23.122112 51.938343
49218 44083 2 66.904915 78.499196 86.163050 -13.031115 9.045857 -85.530336 -5.136560 16.252436
62819 9131 2 66.904915 83.573014 -45.588324 -4.428628 -27.765884 42.167615 18.994301 22.005620
62819 22205 2 66.904915 83.573014 -36.782746 34.043698 10.374649 43.974069 -20.819956 -10.667400
62819 2440 2 66.904915 83.573014 47.854992 5.366144 -11.396870 -42.652503 -20.174277 -15.817612
67478 77195 2 66.904915 83.573014 -17.168146 5.150823 -40.717161 16.512661 0.583735 51.896287
67478 10678 2 66.904915 83.573014 37.227788 20.487632 -15.527009 -23.491749 -29.098156 -25.152654
67478 20313 2 66.904915 83.573014 21.054081 -21.400076 14.895616 -27.112421 12.880001 15.590980
87575 82700 2 66.904915 78.499196 -6.300693 -24.053887 9.730775 0.491912 25.395293 1.921750
87575 93243 2 66.904915 78.499196 19.470625 -19.346272 19.023998 -23.638818 15.101948 -6.485410
87575 69656 2 66.904915 78.499196 8.100921 -34.488459 12.860515 -15.132455 33.188855 16.219124
95146 87544 2 66.904915 83.573014 -11.896657 22.244064 4.521959 17.691152 -17.705385 -20.676991
95146 12536 2 66.904915 83.573014 -6.479276 46.627975 1.587478 18.209514 -42.572476 3.731351
95146 29760 2 66.904915 83.573014 36.714012 19.218782 -5.654786 -29.750617 -30.178392 2.787410
10549 54808 2 67.028127 90.000000 -33.192989 -10.692774 -7.668245 30.387103 15.196078 11.239917
10549 52943 2 67.028127 90.000000 -1.624142 -20.460354 39.109752 -0.030726 20.868753 -58.702640
10549 86714 2 67.028127 90.000000 -16.255518 57.016740 15.071364 20.351253 -59.422568 -16.167050
18319 66685 2 67.028127 90.000000 -46.626583 -10.899319 -27.913040 42.396096 16.298530 19.475314
18319 13838 2 67.028127 90.000000 24.135908 33.903478 -3.383440 -17.634691 -36.342951 -24.285452
18319 90878 2 67.028127 90.000000 -2.251105 25.901521 -25.102722 7.927855 -25.463308 56.858785
32214 74703 2 67.028127 90.000000 -16.931425 -38.756731 -17.722171 10.364362 40.932499 18.411202
32214 6008 2 67.028127 90.000000 13.130656 37.847744 -26.417677 -7.794133 -40.429366 25.147294
32214 34139 2 67.028127 90.000000 31.278257 24.274859 29.498276 -27.110099 -28.214705 -15.727345
48080 60860 2 67.028127 77.407260 -148.834350 -40.527212 -76.852302 147.688754 53.022473 53.997219
48080 25269 2 67.028127 77.407260 -127.457414 73.409609 -2.743901 130.734797 -65.275427 4.345715
59895 4546 2 67.028127 90.000000 -47.033728 2.300402 17.169680 46.545397 6.534852 2.025615
59895 8192 2 67.028127 90.000000 -50.535724 -3.767409 22.920396 47.271451 8.532047 -46.815659
59895 73184 2 67.028127 90.000000 20.242678 23.999445 0.499343 -16.278998 -28.910637 -30.716520
85884 35709 2 67.028127 90.000000 -42.864350 -15.517215 -26.744297 39.046297 21.324796 22.047291
85884 69228 2 67.028127 90.000000 -51.409498 17.742013 -16.929860 49.384442 -13.609798 11.617240
85884 67005 2 67.028127 90.000000 25.860386 13.500833 29.163265 -22.594414 -17.554304 -47.107292
1100 51746 2 67.250851 85.732098 -18.938612 -5.330508 -9.315069 20.206957 14.188107 74.779884
1100 14839 2 67.250851 85.732098 -38.517963 -12.934138 14.699919 42.582564 26.653316 55.421947
1100 60179 2 67.250851 85.732098 -8.287407 -24.497529 -0.218442 6.595835 22.953082 1.970598
3332 3131 2 67.250851 81.384995 -16.860190 2.706187 27.231735 21.167911 1.931240 -8.088203
3332 80519 2 67.250851 81.384995 -25.230884 41.043691 24.388165 33.121308 -29.590485 -17.112904
3332 7227 2 67.250851 81.384995 -47.019224 23.730633 -27.148431 54.723080 -10.469390 -2.458349
16377 16210 2 67.250851 85.732098 -31.973787 33.987278 -0.047852 42.764940 -19.284052 18.337143
16377 50293 2 67.250851 85.732098 -11.400754 -2.315369 -4.152688 13.086692 5.000389 17.789080
16377 15992 2 67.250851 85.732098 -5.313223 32.795866 -3.466522 10.346055 -24.871372 9.444100
22262 27013 2 67.250851 85.732098 -30.295904 24.322528 -4.650199 40.974878 -4.930653 64.262635
22262 37912 2 67.250851 85.732098 -39.313063 19.081946 8.115482 53.866711 2.197432 66.933942
22262 53622 2 67.250851 85.732098 -36.076702 28.676102 2.231741 46.535210 -7.659251 35.881978
30754 81878 2 67.250851 81.384995 -45.576502 27.915736 -23.750017 53.632230 -15.627516 6.654406
30754 28673 2 67.250851 81.384995 -20.268620 50.640268 -25.756545 28.459256 -37.969326 39.330592
30754 97149 2 67.250851 81.384995 -50.785394 9.579264 26.088192 58.169803 4.198873 -20.549078
80679 13412 2 67.250851 81.384995 9.033108 41.407216 10.570892 -7.733224 -38.064608 -23.309205
80679 5757 2 67.250851 81.384995 -54.849914 32.831178 9.432623 76.093235 -22.078424 58.320229
80679 20154 2 67.250851 81.384995 -11.269644 0.318518 -29.546161 12.265570 2.242128 17.922366
7304 62491 2 68.253277 78.363637 53.676735 5.249073 59.775415 -59.430670 9.941176 -63.905285
7304 33259 2 68.253277 78.363637 -59.717478 -7.266202 49.262030 67.014076 -4.467455 -85.681688
7304 76669 2 68.253277 78.363637 -85.748609 12.670713 -25.815583 97.484159 -31.098293 37.355724
10346 80653 2 68.253277 78.363637 20.636526 -31.898810 -17.181546 -26.062234 32.498440 73.499020
10346 9418 2 68.253277 78.363637 39.302415 3.705709 -24.614668 -42.253610 4.190641 83.699530
10346 13891 2 68.253277 78.363637 50.456996 5.636527 -2.295421 -54.471370 5.945489 69.260693
20897 55970 2 68.253277 83.331339 -90.795594 102.515960 4.193107 119.478169 -122.785180 -8.338894
20897 74868 2 68.253277 83.331339 22.549934 134.501797 -7.033795 -10.840940 -115.067342 11.891061
20897 8743 2 68.253277 83.331339 -12.985654 107.348769 -30.366476 27.363930 -100.467459 30.495517
27970 37868 2 68.253277 78.363637 19.609260 -23.617568 -12.095491 -23.672121 27.960348 -2.980052
27970 61405 2 68.253277 78.363637 22.173166 36.449252 -20.258928 -20.608808 -25.964038 50.144673
27970 45034 2 68.253277 78.363637 -21.280462 15.555671 31.684165 25.300132 -20.401548 -44.821811
34235 70036 2 68.253277 78.363637 82.439719 18.286990 -5.186112 -90.255625 8.074787 -28.534329
34235 94684 2 68.253277 78.363637 -4.920607 65.278202 -68.895076 11.956468 -60.722431 88.827167
34235 58413 2 68.253277 78.363637 18.193641 108.598407 -63.500047 -10.337134 -94.161426 68.548642
34681 30786 2 68.253277 78.363637 73.801575 107.109173 -7.259551 -70.262297 -81.133392 2.532873
34681 26550 2 68.253277 78.363637 74.278939 66.735987 75.569426 -73.479700 -41.000233 -100.685608
38533 16750 2 68.253277 90.000000 -3.924986 131.318234 -4.756421 28.405961 -113.541709 16.650741
38533 11766 2 68.253277 90.000000 65.020390 103.626668 -1.642123 -61.746603 -62.106720 32.076508
38533 10656 2 68.253277 90.000000 44.474970 106.417954 -25.762341 -36.722847 -71.288626 51.214189
48540 82326 2 68.253277 78.363637 6.709706 -79.596715 8.701285 -17.766046 76.218670 -9.712764
48540 47028 2 68.253277 78.363637 -15.222770 -86.072995 -28.456574 5.235952 76.741667 32.305922
48540 47372 2 68.253277 78.363637 -81.256591 50.116976 -13.163023 97.152755 -63.179167 -3.589158
59305 24640 2 68.253277 78.363637 -6.758663 -4.667150 -54.829858 6.823693 2.810420 41.729418
59305 65574 2 68.253277 78.363637 -57.691339 38.084412 -23.727040 69.427260 -48.896483 27.020041
59305 78578 2 68.253277 78.363637 -51.975785 8.704050 -31.564618 59.809474 -21.099426 24.934459
66484 91601 2 68.253277 90.000000 92.661829 49.172212 -2.563621 -103.616022 -5.372525 -31.211732
66484 63116 2 68.253277 90.000000 -60.803663 88.245542 -8.232167 98.465937 -106.862900 -18.739556
66484 55226 2 68.253277 90.000000 -5.059914 109.136867 -1.543709 24.706011 -94.041182 -4.133929
76298 13300 2 68.253277 78.363637 -2.734865 158.500034 71.519373 16.739393 -144.692009 -52.408750
76734 46787 2 68.253277 78.363637 -28.841563 94.367171 19.049663 42.572897 -92.695195 4.213589
76734 9849 2 68.253277 78.363637 24.024431 96.711249 31.142802 -16.343578 -79.540044 18.482407
76734 77259 2 68.253277 78.363637 -111.362386 65.691509 26.981771 135.101799 -86.712557 11.023984
77913 3386 2 68.253277 78.363637 22.303458 -50.274930 19.296792 -29.987569 54.572193 -21.019657
77913 73040 2 68.253277 78.363637 24.135890 16.630413 -1.531076 -24.215813 -9.086589 1.135520
77913 89290 2 68.253277 78.363637 71.377396 8.747104 32.142138 -76.058425 11.441924 -36.638877
79699 97347 2 68.253277 78.363637 -0.006291 113.313833 31.160032 8.307522 -100.364824 -35.115609
79699 40746 2 68.253277 78.363637 2.039286 152.736544 -30.681253 8.567335 -134.857559 19.361365
79699 82617 2 68.253277 78.363637 -2.084676 71.160362 41.840899 7.270583 -63.404880 -34.564723
91344 21916 2 68.253277 78.363637 -13.566029 138.210786 -5.468789 27.069789 -126.871430 12.572748
91344 35094 2 68.253277 78.363637 35.345603 68.415500 36.738712 -31.257364 -51.936035 11.576813
96591 77821 2 68.253277 90.000000 49.154998 118.648635 -34.985901 -39.119167 -84.219283 18.575090
96591 27679 2 68.253277 90.000000 3.731173 122.526092 9.377192 18.458287 -100.147162 -59.661788
96591 87398 2 68.253277 90.000000 84.472180 91.598945 3.037040 -84.046079 -48.459613 -29.378843
96813 42511 2 68.253277 78.363637 -84.873491 99.446276 -8.079384 106.553095 -109.018164 48.140051
96813 24963 2 68.253277 78.363637 13.835641 -140.407076 -26.335555 -27.816989 131.178500 77.234274
96813 98823 2 68.253277 78.363637 -2.078656 112.099601 -11.478465 11.415484 -101.065406 39.843183
97204 70544 2 68.253277 78.363637 -88.660889 17.056466 -57.033118 101.982169 -37.098192 84.185443
97204 81848 2 68.253277 78.363637 -82.616297 67.204997 -19.423922 100.758079 -81.981828 25.909631
97204 94056 2 68.253277 78.363637 -81.968529 113.284256 -21.922463 104.933686 -123.107218 28.432404
12414 41334 2 68.253277 78.363637 -0.436486 -37.709486 -11.802520 -2.218594 34.156340 80.183999
12414 13982 2 68.253277 78.363637 -54.207523 -65.185502 11.841383 51.163865 45.924841 18.066220
12414 82355 2 68.253277 78.363637 -81.574373 39.662940 41.313053 96.653192 -59.583695 2.157715
33463 21923 2 68.253277 78.363637 -66.758401 -18.174298 -42.393587 72.223932 2.323660 36.401427
33463 73669 2 68.253277 78.363637 -82.608767 42.027755 -11.313176 98.093512 -56.136734 -2.410960
33463 4774 2 68.253277 78.363637 -103.193385 29.064451 7.025006 119.289529 -47.441729 -23.817781
46120 53637 2 68.253277 78.363637 0.211820 -68.987032 -81.058862 -9.188009 64.850551 64.905027
46120 47820 2 68.253277 78.363637 -88.258228 -22.407777 -8.020790 95.713129 -1.885608 -8.043870
46120 83304 2 68.253277 78.363637 -70.276000 46.290497 -40.449540 83.249942 -59.886218 21.614540
65581 14357 2 68.253277 78.363637 -96.319918 23.106055 -4.277588 111.606135 -41.798314 -1.516829
65581 53041 2 68.253277 78.363637 -49.424384 67.114677 -12.670721 64.108064 -72.477238 -7.655503
65581 67114 2 68.253277 78.363637 -56.071976 68.760382 46.248752 71.121006 -74.988831 -46.198599
66324 13952 2 68.253277 78.363637 -48.844104 -33.439594 62.582606 49.169974 19.789044 -43.271841
66324 93994 2 68.253277 78.363637 -35.360514 64.184785 95.578818 46.096164 -66.430933 -74.481759
66324 27004 2 68.253277 78.363637 -83.376957 106.827982 51.703620 107.086419 -115.816896 -50.546877
96301 81328 2 68.253277 78.363637 -142.448045 -69.069897 14.514494 148.912576 28.680979 -32.241492
23561 44329 2 68.660524 86.637619 90.955129 56.366026 -8.770261 -53.359261 -140.324335 1.137149
23561 61508 2 68.660524 86.637619 66.013763 110.049436 11.936878 -31.818077 -74.774284 109.899376
52170 68139 2 68.660524 90.000000 -96.008089 50.588095 -2.793527 95.924304 -4.989944 23.703878
52170 49806 2 68.660524 90.000000 79.863961 71.352851 6.507204 7.532231 -117.860348 22.477612
74686 86012 2 68.660524 90.000000 6.770454 94.310237 -16.765865 70.510118 -112.690114 -45.688107
75488 13231 2 68.660524 90.000000 15.735117 117.063194 3.609181 67.050588 -113.338927 -30.030863
6894 59009 2 68.764904 80.359184 -36.367438 4.071440 -42.137178 34.806912 2.323420 11.659908
6894 34654 2 68.764904 80.359184 -47.283308 32.950078 48.204852 52.677063 -20.375950 -49.107567
6894 62968 2 68.764904 80.359184 51.168143 30.067704 1.885703 -43.826100 -41.084859 -9.165999
78697 21254 2 68.764904 80.067653 11.766414 -33.091541 -13.877072 -17.144436 30.145139 9.143698
78697 43096 2 68.764904 80.067653 -5.026698 -15.707717 -31.625176 1.774503 17.113006 47.883679
78697 95623 2 68.764904 80.067653 19.041351 51.295971 -51.884476 -7.756438 -53.870593 74.944114
97661 43572 2 68.764904 80.359184 -23.133189 -5.959528 -42.414409 21.298522 10.756445 33.236905
97661 21129 2 68.764904 80.359184 34.450838 3.413906 -27.894461 -32.723426 -11.309276 18.590513
97661 46238 2 68.764904 80.359184 48.476030 -8.769006 -29.709507 -49.151916 -2.593900 20.344646
18459 40166 2 68.782493 80.376774 -53.348401 -12.565863 -34.279352 49.234464 24.303888 36.818352
18459 58031 2 68.782493 80.376774 27.498219 -2.860178 -29.130223 -21.173162 -1.589349 93.541255
18459 66280 2 68.782493 80.376774 20.287915 35.696508 -57.169994 -3.664772 -38.523307 126.319294
33373 81591 2 68.782493 80.085242 8.776145 -53.000536 -49.639443 -19.508808 50.752313 59.848348
33373 60858 2 68.782493 80.085242 83.259060 93.782031 32.744089 -53.986186 -101.316732 55.202952
33373 41808 2 68.782493 80.085242 -39.660700 -48.238150 -61.084086 28.478229 56.640647 78.611653
58420 59900 2 68.782493 80.085242 -1.791272 -3.014916 10.562078 -10.886622 -2.065199 61.118604
58420 13887 2 68.782493 80.085242 57.482571 23.306828 -6.741401 -61.418739 -39.067094 55.521962
58420 71325 2 68.782493 80.085242 -6.481956 17.438595 -44.784556 2.992491 -15.926704 68.462460
25826 29574 2 69.056435 80.650715 -25.563906 40.582373 18.805515 34.186507 -31.591432 3.453966
25826 8219 2 69.056435 80.650715 -11.858468 68.579751 -21.144831 27.281754 -63.561806 27.197691
25826 89905 2 69.056435 80.650715 46.505103 17.281519 44.751873 -39.297276 -31.506904 -79.030670
27224 99609 2 69.056435 80.650715 -50.702520 -75.030750 -27.198057 29.784794 80.911639 3.817927
27224 80138 2 69.056435 80.650715 89.982456 72.016331 13.040495 -78.189474 -97.009376 -71.190689
27224 25523 2 69.056435 80.650715 16.358953 -83.523560 27.487155 -33.707415 79.341288 -20.945602
44735 86299 2 69.056435 80.650715 25.212722 -75.708637 33.653207 -36.586641 75.109864 5.458895
44735 22672 2 69.056435 80.650715 98.310908 37.863714 -33.774688 -86.533492 -60.657000 23.433906
44735 81867 2 69.056435 80.650715 74.563679 48.789595 60.472837 -64.493159 -66.003512 -69.466379
60914 95001 2 69.056435 80.650715 29.000420 115.956841 3.811074 -4.353813 -120.009182 -8.405597
60914 11509 2 69.056435 80.650715 89.415895 65.191703 32.275095 -74.029097 -83.409319 -32.794331
60914 7312 2 69.056435 80.650715 112.348225 73.202127 3.438266 -94.040038 -99.545900 -24.703160
85847 62666 2 69.056435 80.650715 24.750795 17.101807 -81.423171 -20.183683 -20.779063 108.323863
85847 75967 2 69.056435 80.650715 -22.071992 91.162581 0.737534 53.290882 -88.696974 -62.416565
85847 47202 2 69.056435 80.650715 57.171978 14.647213 -52.881219 -52.526815 -25.576869 76.699717
98692 7486 2 69.056435 80.359184 50.006887 3.357254 60.295035 -49.331064 -10.255617 -51.189210
98692 70494 2 69.056435 80.359184 -19.516087 -30.848573 54.192054 8.317870 33.122562 -68.945320
98692 66665 2 69.056435 80.359184 14.159176 68.072163 86.652489 -7.463856 -82.253191 -152.779833
4772 64494 2 71.470558 90.000000 24.909355 110.524632 7.964952 43.037726 -120.982001 -15.835153
59052 62398 2 71.470558 89.447653 -96.406043 -6.766969 3.259179 60.706929 61.035731 16.303448
59052 33344 2 71.470558 89.447653 -66.720972 -79.001861 -7.707997 -6.701486 152.576617 -79.045637
82425 4885 2 71.470558 89.447653 -45.749788 102.453086 -2.327810 49.749924 -102.301899 -22.552750
82425 69600 2 71.470558 89.447653 86.710163 -68.650039 -7.331811 -92.211872 6.424163 7.832963
39028 76666 2 73.067031 90.000000 1.164065 53.113967 5.435232 -0.803418 -67.776510 -9.813904
39028 4485 2 73.067031 90.000000 -39.139135 16.393399 5.411022 29.614325 -4.152409 8.041414
39028 73997 2 73.067031 90.000000 34.457105 -7.432175 4.406982 -27.380489 -7.574828 -10.233025
40482 50091 2 73.067031 90.000000 -12.659745 35.497476 5.003254 14.832214 -43.660069 -29.669933
40482 24293 2 73.067031 90.000000 -18.345195 32.247963 0.814845 16.086297 -38.689710 7.697500
40482 28400 2 73.067031 90.000000 36.657118 -24.625107 3.271601 -28.531232 20.838069 -32.502343
69025 14203 2 73.067031 90.000000 113.518418 -13.015165 6.538497 -122.690785 -67.112090 -53.236787
69025 76033 2 73.067031 90.000000 105.970714 3.272624 2.814647 -101.433626 -74.955330 -17.010557
69025 28659 2 73.067031 90.000000 -110.494837 -44.199343 6.608521 68.264210 137.337559 22.591915
28252 2821 2 74.874741 89.008884 -42.857617 73.365965 -21.431140 58.558879 -55.832698 22.680605
28252 59860 2 74.874741 89.008884 0.073924 74.318282 -10.328045 10.494465 -64.570897 8.965671
28252 84477 2 74.874741 89.008884 -56.758901 -42.108946 -15.713147 53.330676 51.023512 7.836344
56592 85999 2 74.874741 89.935254 -45.419254 -14.086927 18.167275 44.918683 23.874606 -29.097158
56592 57503 2 74.874741 89.935254 -53.870762 -16.503594 10.693055 53.155186 28.268327 -20.487116
56592 93724 2 74.874741 89.935254 -0.395259 -36.081679 -14.039216 -6.430947 32.779866 0.800791
59406 79764 2 74.874741 89.935254 -59.650124 27.543206 -5.479601 69.136561 -11.038564 1.234850
59406 20397 2 74.874741 89.935254 -70.081899 17.566141 7.176437 78.226746 0.087008 8.503800
59406 4767 2 74.874741 89.935254 -66.808541 -5.761397 24.993351 78.863056 12.403258 54.959645
63905 22103 2 74.874741 86.483651 -34.230362 -17.109979 -42.946977 31.216240 23.108381 35.310512
63905 99063 2 74.874741 86.483651 54.873383 -62.070771 5.859902 -67.099996 48.087679 -27.155872
63905 69743 2 74.874741 86.483651 -26.445118 -45.243642 -4.689397 18.404346 48.947916 -13.799070
67096 38426 2 74.874741 89.935254 33.637097 -39.622703 0.555190 -54.319132 33.783104 -106.202380
67096 72007 2 74.874741 89.935254 2.501349 -21.771661 -20.379720 -18.915482 26.708994 -56.653816
67096 58881 2 74.874741 89.935254 41.023725 -48.556270 32.518700 -64.530031 40.008314 -132.144974
70923 93342 2 74.874741 89.935254 5.064554 -30.458945 18.162487 -4.099777 12.775091 75.955223
70923 7180 2 74.874741 89.935254 34.180488 13.179527 -30.288617 -35.757491 -22.300322 52.260060
70923 19767 2 74.874741 89.935254 26.636156 -19.948139 -34.235953 -13.116317 10.180477 -44.477189
72279 28004 2 74.874741 86.483651 -73.368339 -14.294969 -66.427150 70.515869 27.460171 77.769527
72279 23425 2 74.874741 86.483651 -92.698901 -45.587020 -0.201006 85.481829 63.774758 -13.595509
72279 44663 2 74.874741 86.483651 48.004411 -87.773965 49.921665 -63.243313 73.566573 -53.986865
72698 19801 2 74.874741 89.935254 -57.723778 -26.323170 59.583459 55.393552 38.294810 -57.394105
72698 9313 2 74.874741 89.935254 -87.173299 -48.188590 2.972176 80.651323 66.030971 7.517113
72698 40927 2 74.874741 89.935254 -16.396540 45.642074 63.132783 37.546921 -40.672207 12.431151
86840 94178 2 74.874741 89.935254 88.183520 -41.165685 10.984068 -100.914369 15.031864 -15.139715
86840 17256 2 74.874741 89.935254 93.867908 -43.232970 5.780828 -107.318534 15.416075 -8.765619
86840 64705 2 74.874741 89.935254 4.505605 -102.660883 12.329222 -26.308890 93.126712 -40.176506
2514 94193 2 75.425377 86.728126 14.640692 -17.239837 -42.647780 -23.558563 18.906319 100.447611
2514 58052 2 75.425377 86.728126 63.747507 -56.780725 -40.041028 -79.686935 46.633122 95.104558
30197 22742 2 75.425377 87.019657 10.615755 82.939658 54.961575 5.004523 -84.595769 -64.055100
30197 95233 2 75.425377 87.019657 104.324255 48.148639 -14.810755 -90.683864 -70.900396 12.849627
30197 78505 2 75.425377 87.019657 97.834766 79.731493 46.339797 -80.429922 -104.080916 -66.688938
46081 16476 2 75.425377 87.019657 -30.829075 4.312547 -14.649459 31.215813 2.782965 2.857379
46081 42289 2 75.425377 87.019657 -17.075261 19.376994 -0.992631 21.752876 -15.375936 22.231230
46081 62322 2 75.425377 87.019657 0.638457 -32.553092 11.526154 -4.161475 29.883226 -61.559175
51929 74834 2 75.425377 90.000000 -83.518225 28.514750 9.567374 72.773841 -7.248853 -105.740006
51929 4633 2 75.425377 90.000000 -54.904894 76.869873 5.868465 60.956085 -58.622295 -60.093894
51929 90169 2 75.425377 90.000000 17.773589 67.316509 -30.898673 2.167186 -72.331203 34.169471
75340 9975 2 75.425377 90.000000 -24.524287 30.633357 22.200928 41.859975 -26.315796 49.720284
75340 79514 2 75.425377 90.000000 -43.514116 35.495518 18.188560 51.694731 -21.792117 -22.148503
75340 96806 2 75.425377 90.000000 -8.983073 -56.719281 -6.008717 -7.536995 57.233472 -5.802800
5686 43326 2 75.877064 90.000000 -30.852229 34.992659 5.605179 14.106992 -51.065795 -113.381465
5686 92772 2 75.877064 90.000000 -23.759235 23.071972 0.606528 -15.224484 -52.756411 -157.454940
5686 18172 2 75.877064 90.000000 25.928204 -44.415973 3.774524 -33.793922 53.502247 5.819409
52608 34732 2 75.877064 90.000000 -10.612880 -16.653305 -19.522050 -4.870714 31.741064 -0.038467
52608 96115 2 75.877064 90.000000 20.733729 2.681466 -1.709874 -15.484150 -10.044122 7.100056
68534 34476 2 75.877064 90.000000 7.366323 115.107917 -20.315677 31.444803 -122.358446 -8.327859
68534 42000 2 75.877064 90.000000 104.531566 51.725762 0.221725 -63.527036 -119.562257 5.067092
68534 16821 2 75.877064 90.000000 -55.715355 -87.353265 0.770651 -10.578122 124.619398 63.957431
88582 80751 2 76.837934 90.000000 -100.802652 -37.873154 -9.966752 40.415273 85.926780 -93.969429
94094 39699 2 76.837934 90.000000 85.753933 62.141429 2.033766 -58.611370 -112.232151 -0.336897
94094 41492 2 76.837934 90.000000 -99.766006 -37.753794 4.295991 38.667155 121.478687 91.357402
94094 63152 2 76.837934 90.000000 -89.793165 -42.106711 3.586997 54.383105 111.502397 10.122829
4752 31701 2 77.896321 89.206551 58.563498 -26.723534 -36.851761 -61.350436 21.609132 53.002437
4752 70007 2 77.896321 89.206551 62.246028 33.703772 -37.325126 -60.198486 -39.170555 45.565584
4752 26416 2 77.896321 89.206551 91.298813 85.287361 -18.970059 -85.071911 -92.875469 36.009211
14493 94914 2 77.896321 90.000000 -65.153266 15.018080 61.249175 63.466419 -12.561882 -81.203247
14493 81128 2 77.896321 90.000000 -28.929818 58.526642 43.003571 31.465490 -58.144369 -43.840118
14493 70258 2 77.896321 90.000000 -5.346456 98.557368 -13.568506 10.544107 -101.819336 -6.552347
17593 9990 2 77.896321 88.275455 -59.711396 -50.926332 76.695441 55.243831 55.094830 -65.899730
28640 67753 2 77.896321 89.206551 -3.085529 -60.205574 18.796782 -2.567340 59.346651 -18.793376
28640 61828 2 77.896321 89.206551 47.401429 -4.024529 -33.127808 -48.377497 -0.680648 39.833355
28640 8281 2 77.896321 89.206551 59.307360 -25.175359 -31.342246 -62.015744 19.337848 37.268881
44694 67421 2 77.896321 89.206551 7.319860 -79.412699 10.224243 -13.850002 78.008294 -1.355302
44694 2972 2 77.896321 89.206551 14.545981 -40.469273 -51.593201 -17.747659 38.013426 70.731829
44694 44848 2 77.896321 89.206551 47.751511 -9.613259 1.176185 -48.850701 4.915217 4.274541
50905 32305 2 77.896321 88.275455 72.224307 -129.421157 -27.274128 -83.832099 120.890312 41.500818
50905 9116 2 77.896321 88.275455 -78.210329 87.682988 91.956550 83.653569 -81.053464 -71.146895
50905 58505 2 77.896321 88.275455 53.739648 58.550176 -39.665001 -49.285602 -62.343302 38.811446
55863 99766 2 77.896321 90.000000 -55.934691 -131.282169 -19.714863 44.580854 136.143316 5.456127
55863 31094 2 77.896321 90.000000 -42.906702 -142.631517 20.605351 30.507159 146.003845 -36.805867
55863 80987 2 77.896321 90.000000 91.686167 -57.886076 -58.985100 -94.968775 49.486346 84.044810
59385 84194 2 77.896321 90.000000 -64.049372 -40.157792 13.411114 60.938005 45.597615 -0.604622
59385 10268 2 77.896321 90.000000 -91.078196 -14.924572 -32.820228 87.749326 21.284487 32.956704
59385 43111 2 77.896321 90.000000 63.021921 -76.005761 37.191352 -69.509573 70.378172 -40.655430
61650 20819 2 77.896321 88.275455 -34.383563 -62.017154 -84.212200 29.131594 63.757366 70.052475
61650 89745 2 77.896321 88.275455 17.293122 157.236798 -22.702123 -6.563892 -158.976363 4.729834
67825 91825 2 77.896321 88.275455 -134.748611 -79.847507 -24.319326 128.717784 89.674759 27.398084
67825 37353 2 77.896321 88.275455 136.856449 26.832891 -58.901170 -136.158379 -38.431283 62.006736
67825 50387 2 77.896321 88.275455 144.288541 -8.804915 -19.607496 -146.854362 -3.991007 23.966247
76386 92263 2 77.896321 88.275455 13.040081 -47.497394 76.385182 -18.872924 43.611489 -121.888968
24044 30152 2 78.827417 90.000000 -5.192282 22.587221 -70.631230 9.801573 -21.002346 102.531495
24044 1681 2 78.827417 90.000000 -22.558475 -78.528674 44.522703 19.025723 81.603188 -73.757114
29936 51957 2 78.827417 90.000000 -23.755713 -46.641065 -10.873580 21.960691 50.086415 33.574061
29936 19912 2 78.827417 90.000000 68.211611 16.062331 -36.753379 -64.108665 -19.011054 49.464858
29936 85751 2 78.827417 90.000000 81.290999 53.216834 10.647318 -75.998658 -58.716870 -8.940893
31328 82472 2 78.827417 90.000000 59.176402 0.530360 40.775570 -60.571096 -6.720599 -28.281311
31328 64999 2 78.827417 90.000000 9.907694 18.373514 79.989532 -7.088171 -19.257041 -88.623823
31328 46099 2 78.827417 90.000000 70.532784 -55.218871 58.313325 -76.440468 48.932135 -27.076265
38350 53276 2 78.827417 90.000000 79.896150 -48.943490 -36.363407 -81.917200 44.129545 43.362455
38350 48638 2 78.827417 90.000000 119.156109 -20.602698 -56.977326 -118.138315 13.359932 61.196046
39993 38181 2 78.827417 89.206551 -127.580903 -72.646906 -52.819406 122.540966 83.847934 20.306805
39993 89721 2 78.827417 89.206551 -6.222736 51.894074 -85.247142 10.593596 -50.754757 80.546292
79340 49389 2 78.827417 90.000000 106.090685 -63.247360 -21.993790 -106.241699 59.626137 -11.551896
79340 82730 2 78.827417 90.000000 98.112901 -58.640764 69.582025 -97.964443 54.104487 -104.541276
79340 42247 2 78.827417 90.000000 122.915321 -37.359283 -29.334009 -122.650689 30.696067 7.149733
92383 86836 2 78.827417 90.000000 -103.396880 42.934088 -47.682678 106.792711 -35.757501 75.005717
92383 9863 2 78.827417 90.000000 81.393107 -60.851022 72.230219 -73.948051 64.663481 -45.319643
92383 91100 2 78.827417 90.000000 121.465371 2.626418 -14.588076 -113.239897 -4.881752 27.194730
99672 13176 2 78.827417 90.000000 91.719693 -92.907859 -0.721508 -92.426553 92.634892 38.732602
99672 9128 2 78.827417 90.000000 107.412755 -66.610690 2.026928 -108.428933 61.951073 0.445823
99754 26125 2 78.827417 90.000000 -16.871306 -26.092014 77.959028 17.578917 28.376198 -108.181416
99754 94719 2 78.827417 90.000000 74.097990 -29.281552 78.861505 -69.196040 30.644910 -64.067754
7413 76241 2 79.037891 90.000000 -42.104376 11.271059 14.359999 45.434561 -4.127072 -34.729630
7413 38470 2 79.037891 90.000000 -49.605972 46.330195 38.427146 57.052925 -39.755888 -93.097178
7413 28791 2 79.037891 90.000000 19.661015 -10.262020 -20.152295 -23.771506 5.225591 1.327685
8697 49505 2 79.037891 90.000000 -30.065268 49.345808 29.277963 38.654177 -40.008319 -32.466253
8697 44263 2 79.037891 90.000000 34.008492 33.270077 -20.932292 -33.836763 -34.497419 25.062287
8697 41645 2 79.037891 90.000000 -42.293954 -14.074218 45.517937 43.582608 18.877848 -51.503072
16694 58235 2 79.037891 90.000000 -14.866842 91.287899 11.437406 53.879645 -89.121860 103.189420
16694 88429 2 79.037891 90.000000 39.180279 -13.880260 -9.911102 -45.712051 4.264002 -9.130107
16694 11848 2 79.037891 90.000000 -61.579794 -49.283495 28.440803 60.189412 50.807272 -48.557361
35636 6197 2 79.037891 90.000000 -101.565601 1.488479 3.468119 107.980045 10.335700 -44.785931
35636 50069 2 79.037891 90.000000 -110.486347 21.024579 -20.634522 121.864354 -2.229869 24.221261
35636 61476 2 79.037891 90.000000 -19.885308 -87.874836 6.243881 10.157239 83.833242 -4.350060
44897 84744 2 79.037891 90.000000 51.129932 114.362523 -24.726408 -42.750401 -108.352306 45.366156
44897 27402 2 79.037891 90.000000 -122.811525 68.898654 22.560152 140.226052 -43.101150 -4.762262
44897 60944 2 79.037891 90.000000 -2.146667 -80.047974 65.483778 -9.271941 75.522650 -45.982449
64799 67398 2 79.037891 90.000000 -20.480999 62.367744 50.402291 26.544373 -57.413672 -90.519841
64799 87292 2 79.037891 90.000000 -99.391176 6.565487 -4.321373 107.717870 8.534430 1.337869
64799 13377 2 79.037891 90.000000 -19.737858 79.871966 46.955778 27.627911 -74.750642 -95.421321
67958 22808 2 79.037891 90.000000 63.212414 30.690170 -36.049431 -65.126901 -39.020635 61.780260
67958 78583 2 79.037891 90.000000 63.876538 49.794830 -43.492955 -64.521104 -54.991683 48.971951
67958 5872 2 79.037891 90.000000 66.700939 -22.020460 50.745267 -74.681170 7.839111 -60.818696
73989 56392 2 79.037891 90.000000 42.137923 37.263008 -47.913861 -44.878613 -33.068502 89.708238
73989 27350 2 79.037891 90.000000 9.982974 17.901787 89.791211 -10.917099 -12.371096 -50.563278
73989 588 2 79.037891 90.000000 -6.347814 62.232697 -76.680298 12.632442 -47.991165 125.161048
88010 394 2 79.037891 90.000000 58.356413 -53.710795 -7.576691 -70.698361 40.496734 52.812606
88010 57773 2 79.037891 90.000000 41.466415 76.280221 -39.932589 -36.817118 -79.684728 134.234042
88010 1720 2 79.037891 90.000000 53.976057 74.171470 15.020789 -53.920227 -73.803195 4.119772
25269 30168 2 79.407260 90.000000 -30.903715 -20.809771 -63.976769 29.027814 23.293770 73.571820
25269 92430 2 79.407260 90.000000 -52.489011 66.718134 -47.221006 50.934403 -67.529836 47.439015
25269 69559 2 79.407260 90.000000 14.991983 -54.984365 60.472421 -16.695898 54.813868 -68.203914
60860 67269 2 79.407260 90.000000 -68.560919 -26.139924 -43.521340 64.262627 29.886570 67.331561
60860 51820 2 79.407260 90.000000 -40.663265 55.446139 0.010520 43.086242 -53.457147 -2.461842
60860 51531 2 79.407260 90.000000 -39.758967 43.856056 52.574035 39.688958 -43.200654 -31.127220
3386 71907 2 80.363637 90.000000 -5.576221 -116.046366 -27.823580 -8.108923 118.488736 24.132324
3386 53758 2 80.363637 90.000000 52.717308 55.280782 47.848204 -47.113797 -41.729762 -44.893046
3386 34745 2 80.363637 90.000000 118.573128 14.122595 22.390114 -118.354260 16.899922 -7.247518
9418 30100 2 80.363637 90.000000 33.100465 -82.016749 -41.442398 -43.721325 91.990343 16.057311
9418 17227 2 80.363637 90.000000 -34.988826 -101.220935 -24.338425 24.300202 98.576677 67.558592
9418 77331 2 80.363637 90.000000 31.461638 -17.583676 -92.907218 -34.419491 26.500075 79.182973
9849 23535 2 80.363637 90.000000 59.499841 141.112784 -77.562879 -52.547460 -121.841822 49.251044
9849 13764 2 80.363637 90.000000 -29.894803 127.197265 -11.500063 43.379677 -129.735984 -25.821369
9849 91630 2 80.363637 90.000000 99.970502 1.313783 -18.981454 -108.034715 18.277632 -23.875712
13300 83243 2 80.363637 90.000000 -14.913501 146.422978 -14.004597 31.016120 -141.911635 8.604504
13300 80979 2 80.363637 90.000000 -27.284302 84.761585 -31.809258 39.403547 -87.151470 10.119969
13300 36809 2 80.363637 90.000000 -21.965446 159.834557 0.006635 39.816726 -155.908967 -3.342480
13891 26718 2 80.363637 90.000000 -21.752359 -119.531631 4.808299 8.097354 114.305566 -30.310474
13891 72525 2 80.363637 90.000000 -60.527560 -139.159813 25.361080 44.141412 124.797439 -24.149131
13891 51579 2 80.363637 90.000000 137.983664 102.269069 -27.899307 -131.466971 -67.558392 5.976234
21916 92445 2 80.363637 90.000000 4.023048 101.100484 -43.760410 0.325985 -89.335159 12.236850
21916 24749 2 80.363637 90.000000 11.073363 72.242616 -42.267484 -5.780246 -63.550287 44.578577
24640 62607 2 80.363637 90.000000 -52.970314 16.266667 -33.255649 59.857106 -28.981072 62.993775
24640 1014 2 80.363637 90.000000 -71.844375 -5.622224 -41.874898 76.308056 -13.472375 50.143499
24640 10323 2 80.363637 90.000000 -96.276498 24.091960 17.627798 107.597636 -42.884329 51.095461
26550 72045 2 80.363637 90.000000 46.566689 82.954145 -13.462732 -42.145061 -71.840043 42.782989
26550 83981 2 80.363637 90.000000 106.937745 50.417531 26.153013 -108.505068 -27.296754 8.050614
30786 99385 2 80.363637 90.000000 -45.156142 142.665372 2.826755 63.084888 -142.800106 -54.379170
30786 27965 2 80.363637 90.000000 88.663999 16.001819 -28.711984 -91.025204 3.665999 25.650256
30786 93734 2 80.363637 90.000000 47.556531 136.795950 1.576834 -39.216542 -117.053368 48.015590
35094 37216 2 80.363637 90.000000 -54.269755 117.477051 64.245597 69.878225 -124.804558 -69.835362
35094 38544 2 80.363637 90.000000 -25.668250 142.165809 32.995404 40.395761 -141.555600 -58.478754
35094 23417 2 80.363637 90.000000 5.535154 103.450690 -90.491082 3.788249 -94.990638 84.067534
40746 55855 2 80.363637 90.000000 -1.795770 92.791408 9.089976 9.417497 -85.673458 9.727838
40746 76188 2 80.363637 90.000000 51.316754 92.602454 -28.698062 -49.185608 -74.094297 47.459042
40746 21473 2 80.363637 90.000000 7.288960 131.938612 13.219714 2.298974 -119.623084 -0.055141
42511 9951 2 80.363637 90.000000 -4.572518 -50.602254 20.641971 -0.616360 45.695053 -39.780944
42511 44859 2 80.363637 90.000000 -103.748747 0.702899 -5.745213 114.816346 -26.017182 -15.290540
42511 81978 2 80.363637 90.000000 79.140981 11.633392 12.248310 -85.976711 9.072002 -25.284365
45034 41211 2 80.363637 90.000000 35.929802 -58.702333 20.826094 -43.762877 69.547793 -19.307002
45034 64688 2 80.363637 90.000000 -17.277835 4.745065 52.470035 17.527190 -8.886733 -35.625541
45034 6382 2 80.363637 90.000000 44.141721 -20.106352 54.348137 -47.218628 33.305238 -58.986059
46787 39233 2 80.363637 90.000000 22.748409 39.258952 -1.158084 -22.039864 -31.436035 -23.234332
46787 33428 2 80.363637 90.000000 -42.925124 49.526546 -13.249987 54.072073 -51.229810 59.746163
58413 81333 2 80.363637 90.000000 33.217496 55.573290 0.026306 -30.122232 -43.624952 21.186800
58413 97623 2 80.363637 90.000000 128.625226 97.974725 9.347842 -128.868593 -62.642824 -5.953031
58413 14055 2 80.363637 90.000000 135.594344 67.534623 69.004955 -139.021627 -31.925835 -63.375351
61405 69694 2 80.363637 90.000000 129.728199 77.387368 50.908717 -125.054399 -46.907283 -84.101207
65574 20166 2 80.363637 90.000000 -98.681993 -42.413318 7.978264 100.316850 17.241023 4.623739
65574 16768 2 80.363637 90.000000 0.368640 67.294071 33.749328 7.144595 -61.799687 -2.794440
65574 94932 2 80.363637 90.000000 -85.090464 20.803430 23.552122 94.628222 -40.252842 -49.712579
70036 95139 2 80.363637 90.000000 93.956072 116.015768 47.310269 -87.904162 -89.556514 -47.809624
70544 42800 2 80.363637 90.000000 -71.376430 9.292567 10.015060 76.976578 -25.550039 -40.411965
70544 44297 2 80.363637 90.000000 -54.942295 43.908502 22.514141 64.780166 -55.875938 -54.969174
70544 97209 2 80.363637 90.000000 -47.399818 66.782219 1.514789 59.958750 -76.547460 -18.426364
73040 26657 2 80.363637 90.000000 140.331166 98.882302 -23.523433 -133.108138 -59.807007 64.065298
77259 16370 2 80.363637 90.000000 -79.396444 -48.672178 12.760028 79.095646 26.945955 -12.528959
77259 41901 2 80.363637 90.000000 -23.395746 43.073157 -49.404449 25.075854 -43.095443 -31.381249
77259 32677 2 80.363637 90.000000 -69.708278 55.598765 18.879892 81.709178 -71.630066 -48.730137
78578 94925 2 80.363637 90.000000 -101.315356 44.562574 -4.211193 114.836578 -67.259808 -2.751571
78578 86428 2 80.363637 90.000000 -117.697685 -6.367911 45.185741 125.321144 -21.906882 -38.769154
78578 94515 2 80.363637 90.000000 -117.208744 78.312579 31.140777 137.071547 -102.936641 -26.101920
80653 48004 2 80.363637 90.000000 29.148519 -84.558373 -24.425066 -39.973062 94.170492 7.571683
80653 10590 2 80.363637 90.000000 -70.219793 -44.064164 42.821107 66.864266 28.536328 -96.349751
80653 17551 2 80.363637 90.000000 80.062067 -29.590786 47.354053 -85.099324 51.885452 -57.052462
81848 88316 2 80.363637 90.000000 -92.938363 -9.483516 57.840038 97.893882 -11.199537 -60.991129
81848 51495 2 80.363637 90.000000 -90.549565 7.121099 64.572270 97.961592 -26.718016 -70.954515
81848 46584 2 80.363637 90.000000 -97.650922 100.792765 -21.277050 119.204976 -116.911712 47.244355
82617 49876 2 80.363637 90.000000 13.883023 146.409679 4.090618 -1.875211 -132.485579 -11.882528
82617 49773 2 80.363637 90.000000 -53.968217 140.747557 -10.845863 73.065051 -143.624774 9.586283
94056 1101 2 80.363637 90.000000 -102.107321 -81.583899 76.953664 97.736785 56.178523 -75.576431
94056 13154 2 80.363637 90.000000 -89.699993 75.007803 -33.642837 107.386577 -91.906903 31.431579
94056 52669 2 80.363637 90.000000 -64.237782 89.827879 46.493808 81.894565 -100.010790 -61.566583
97347 94815 2 80.363637 90.000000 2.396136 142.730191 -26.186244 9.041542 -131.020411 39.583181
97347 41798 2 80.363637 90.000000 2.370539 79.052636 -14.053124 4.285106 -72.722911 15.243485
98823 3178 2 80.363637 90.000000 15.313795 131.423130 13.706574 -5.710684 -117.539740 -31.680527
98823 97345 2 80.363637 90.000000 15.158374 134.632586 15.587993 -5.185124 -120.762640 -27.924058
98823 78879 2 80.363637 90.000000 8.219532 140.743056 -17.490537 3.024591 -127.969003 12.239548
33259 66666 2 80.363637 90.000000 -33.788834 -79.163854 47.274089 24.118742 72.094121 -48.202918
33259 38763 2 80.363637 90.000000 -83.302522 -12.012514 -8.854141 85.321277 0.932579 -20.111420
33259 65645 2 80.363637 90.000000 25.532629 47.781615 92.308815 -19.516225 -41.736489 -74.570618
47028 14120 2 80.363637 90.000000 -16.091417 -52.456098 4.942742 8.527528 50.340127 18.453002
47028 4150 2 80.363637 90.000000 -61.651865 -37.484429 -38.822808 56.548113 26.641494 10.275871
47028 47427 2 80.363637 90.000000 -65.251010 36.695046 -5.323132 72.363441 -50.695359 14.440881
47372 29948 2 80.363637 90.000000 -11.723967 -16.157930 -50.609808 9.855362 12.976399 79.454363
47372 37373 2 80.363637 90.000000 -33.831335 -20.251156 -45.329657 31.891039 13.205704 64.733072
47372 45314 2 80.363637 90.000000 -38.263833 70.782250 7.406814 51.142964 -76.798306 1.242051
47820 36323 2 80.363637 90.000000 -14.388392 0.270818 -26.485833 15.107831 -3.355955 28.298667
47820 11989 2 80.363637 90.000000 -84.093293 68.994922 -10.775820 96.443027 -82.268754 -28.556575
47820 32109 2 80.363637 90.000000 -18.561796 -52.857642 49.008178 13.451858 52.754661 10.924333
53637 27757 2 80.363637 90.000000 23.793815 -4.822087 -29.711407 -23.548022 12.677883 50.141901
53637 64624 2 80.363637 90.000000 3.930809 7.353870 -35.473093 -1.005129 -4.508387 59.109721
53637 35105 2 80.363637 90.000000 15.961822 2.536209 -83.124234 -13.345419 5.436356 111.058745
62491 56271 2 80.363637 90.000000 108.183354 2.122895 83.397217 -114.211388 28.272710 -67.330217
76669 89841 2 80.363637 90.000000 -32.497685 -89.318233 -34.130310 19.981134 82.472157 24.203865
76669 91914 2 80.363637 90.000000 -73.265413 45.970678 -8.910801 83.924460 -57.656566 0.636325
76669 61453 2 80.363637 90.000000 -22.561610 91.929586 77.173015 37.536302 -94.155268 -83.073353
81328 8284 2 80.363637 90.000000 -46.970617 -52.378672 5.874167 39.886791 45.090437 -32.164268
81328 85044 2 80.363637 90.000000 -46.388411 14.617925 -34.354590 50.015317 -22.602190 21.103162
81328 9780 2 80.363637 90.000000 -4.709545 -6.135019 55.126356 3.730280 5.401074 -61.269494
82326 87329 2 80.363637 90.000000 -59.971296 -71.325242 34.586162 50.819892 59.014214 -40.405169
82326 58337 2 80.363637 90.000000 -102.674982 37.363998 -85.171918 110.534207 -59.298595 80.193236
82326 21642 2 80.363637 90.000000 78.288525 -41.920461 42.779104 -85.454104 63.884224 -35.332525
83304 82051 2 80.363637 90.000000 -73.013682 17.557510 -46.347309 77.770162 -32.481775 23.960597
83304 1921 2 80.363637 90.000000 -78.238603 63.154332 -23.506798 91.381153 -78.784496 12.993095
83304 12516 2 80.363637 90.000000 -80.832855 58.168924 24.718383 93.381376 -74.473202 -45.553828
4774 87671 2 80.363637 90.000000 -26.403294 -49.260219 61.882860 18.537151 45.566295 -35.338680
4774 44189 2 80.363637 90.000000 -30.893290 12.529537 82.836758 37.300479 -9.759234 -141.451638
4774 66810 2 80.363637 90.000000 -70.063079 92.002983 -14.180910 88.056974 -98.585172 19.964447
13952 36194 2 80.363637 90.000000 28.181384 10.250056 65.486994 -27.984834 -2.292671 -65.626411
13952 25789 2 80.363637 90.000000 -83.152575 28.242726 84.846810 89.100481 -42.371407 -74.472534
13952 48158 2 80.363637 90.000000 67.312900 -39.439050 46.501503 -76.657349 58.035152 -28.890756
13982 27796 2 80.363637 90.000000 -37.876394 -30.788414 7.015422 34.945028 25.788142 42.094749
13982 63061 2 80.363637 90.000000 -63.604102 37.030309 26.829035 70.472553 -50.235773 -10.267371
13982 55645 2 80.363637 90.000000 -62.046525 -3.551846 -31.867560 61.896555 -8.309770 36.241878
14357 17639 2 80.363637 90.000000 -101.319308 -34.132946 56.085587 100.115098 20.336182 -56.965862
14357 51439 2 80.363637 90.000000 -106.337556 21.634735 30.998437 114.794403 -34.668228 -31.017463
14357 1674 2 80.363637 90.000000 -48.844427 130.706370 2.711976 71.671898 -134.191409 6.016988
21923 28303 2 80.363637 90.000000 -22.199203 -14.794578 -54.308216 20.595773 10.779837 48.473880
21923 11431 2 80.363637 90.000000 -40.242910 -39.883882 -49.516044 34.731391 33.029227 30.735794
21923 27889 2 80.363637 90.000000 -66.022120 -7.250825 -65.424221 69.177780 0.469149 106.414599
27004 90073 2 80.363637 90.000000 -22.114782 -7.073847 59.425643 21.944245 2.738032 -49.833969
27004 53327 2 80.363637 90.000000 -47.603796 22.500184 46.003931 50.720380 -29.430858 1.277628
27004 46014 2 80.363637 90.000000 -42.334043 71.387461 25.271428 54.547839 -77.373035 -4.266155
41334 55330 2 80.363637 90.000000 44.088812 -59.054765 2.119921 -53.243454 71.550522 -43.099048
41334 95880 2 80.363637 90.000000 -13.031990 -41.802378 -72.244632 9.574389 42.529325 91.637290
41334 84749 2 80.363637 90.000000 -122.052599 -4.814805 31.319317 122.652436 -23.097172 -53.333858
53041 7533 2 80.363637 90.000000 -75.526258 52.024506 97.765128 87.501245 -65.053659 -77.346699
53041 88580 2 80.363637 90.000000 -113.001136 73.131084 -27.310711 131.727896 -91.609006 35.488200
53041 91830 2 80.363637 90.000000 -83.705055 66.401663 -89.869346 99.180446 -80.622836 94.868647
67114 87256 2 80.363637 90.000000 19.204324 63.379348 44.374640 -13.471807 -54.902301 -29.311536
67114 59908 2 80.363637 90.000000 -31.706854 48.965357 62.196219 42.697740 -52.646360 -93.188037
67114 96054 2 80.363637 90.000000 -54.936468 131.277317 -36.943926 78.193905 -137.501364 31.115140
73669 21657 2 80.363637 90.000000 -73.575978 -108.138746 -63.285802 59.371121 96.808210 82.705951
73669 29307 2 80.363637 90.000000 -102.411956 106.012725 -24.548377 124.401365 -116.599349 18.539362
73669 73944 2 80.363637 90.000000 -85.496946 112.561158 -62.454765 107.780496 -121.627051 64.885221
82355 86194 2 80.363637 90.000000 -66.432529 -74.851867 63.837234 57.527898 68.647221 -119.601014
82355 94617 2 80.363637 90.000000 -78.916946 -5.884231 80.969564 79.987499 -7.015787 -86.975678
82355 70942 2 80.363637 90.000000 -118.749489 -29.601288 63.620278 116.527974 12.946798 -69.664629
93994 7671 2 80.363637 90.000000 12.848811 3.841022 46.782675 -15.027708 1.152469 -30.468043
93994 88032 2 80.363637 90.000000 -80.429332 69.884059 51.810092 94.529348 -84.470150 -45.197541
93994 14515 2 80.363637 90.000000 -15.884269 -15.278051 96.002230 11.323123 14.382310 -74.999552
51309 16035 2 80.371068 90.000000 6.939108 5.760710 -16.564098 -5.072608 -7.620076 19.917420
51309 35148 2 80.371068 90.000000 5.565053 5.205353 -21.561853 -3.842317 -4.845150 -34.819021
51309 42562 2 80.371068 90.000000 39.821223 -32.467192 -12.262768 -42.342309 33.662849 -19.954557
51925 66111 2 80.371068 90.000000 -36.714900 -10.508371 -8.422143 24.737875 2.562539 75.024793
51925 78122 2 80.371068 90.000000 -22.502919 -0.424717 4.729173 15.465462 -8.335023 62.031044
51925 12973 2 80.371068 90.000000 36.310518 -11.191360 1.321737 -36.650175 12.346623 27.680215
83434 69729 2 80.371068 90.000000 -37.691016 13.070541 12.072293 36.595654 -16.871916 9.448607
83434 46207 2 80.371068 90.000000 -41.618254 -2.555774 -12.349077 33.875124 -8.888603 -58.772870
83434 58336 2 80.371068 90.000000 47.056741 12.070794 4.061600 -39.084595 -13.021777 17.530698
41564 20563 2 80.395010 90.000000 106.880723 32.230084 -9.832314 -107.100400 -74.170229 0.832956
41564 62080 2 80.395010 90.000000 96.601827 -12.005664 14.934977 -103.046373 -32.709374 8.559970
41564 21674 2 80.395010 90.000000 -96.727850 -58.162646 7.967880 85.135803 103.390123 -7.818320
57740 92841 2 80.395010 90.000000 105.986447 -12.925941 9.636650 -113.237153 -37.205772 49.457187
57740 10999 2 80.395010 90.000000 -89.877556 -74.811717 -15.765075 68.660864 122.057357 -11.701661
57740 13869 2 80.395010 90.000000 -81.208592 -42.547412 7.506591 64.469703 76.193020 18.501005
8130 7748 2 80.499196 90.000000 -15.580527 61.611822 -4.151903 25.190500 -57.409105 2.325154
8130 86566 2 80.499196 90.000000 39.754551 -13.100349 -70.339238 -41.793640 5.642939 68.370884
8130 59203 2 80.499196 90.000000 3.717966 67.667194 6.982842 6.839265 -66.844763 -8.280226
29060 59216 2 80.499196 90.000000 -28.845177 54.293349 45.664035 36.670618 -48.497790 -57.006327
29060 55105 2 80.499196 90.000000 26.174906 91.156995 -63.427358 -12.895003 -93.513379 48.083752
29060 79600 2 80.499196 90.000000 117.505999 65.939271 26.635446 -107.176591 -85.296657 -4.822299
38011 99232 2 80.499196 90.000000 -65.186432 49.777457 2.905307 73.483750 -37.056965 8.288283
38011 55398 2 80.499196 90.000000 -53.349104 36.960535 53.884978 62.137445 -29.013777 -98.234854
38011 86696 2 80.499196 90.000000 61.976191 -36.119385 -42.592792 -64.658654 21.462594 90.671383
28019 25404 2 80.499196 90.000000 -39.717570 62.172252 63.773033 47.394109 -55.339805 -74.828547
28019 93982 2 80.499196 90.000000 -120.702831 23.528849 -10.607935 124.458943 0.903796 20.450280
28019 38278 2 80.499196 90.000000 -33.510248 -131.649761 -64.106465 12.385933 130.147176 34.571906
44083 8430 2 80.499196 90.000000 -0.705169 -20.788983 -95.630487 -2.711079 18.781538 93.480001
44083 19893 2 80.499196 90.000000 -49.100416 -106.321278 -30.095911 35.711724 113.836234 68.682980
44083 49960 2 80.499196 90.000000 67.119485 65.195073 59.671117 -55.670662 -81.605217 -113.095823
64715 88840 2 80.499196 90.000000 51.899192 39.755233 31.300521 -53.289299 -52.517616 -112.401447
64715 92784 2 80.499196 90.000000 76.923546 38.355635 -71.250841 -77.593014 -54.091621 14.661961
64715 10358 2 80.499196 90.000000 99.217426 51.564932 -66.828162 -97.878564 -71.192879 7.263323
69656 94625 2 80.499196 90.000000 -84.480406 54.579714 -41.300847 93.236048 -40.479400 -0.319761
69656 46977 2 80.499196 90.000000 98.318352 -79.643807 -60.525941 -101.906936 58.861024 117.699648
69656 37984 2 80.499196 90.000000 41.860778 -129.942959 11.478506 -64.138533 117.920372 -39.225882
73492 91463 2 80.499196 90.000000 -17.095692 -12.850214 -32.300116 16.246450 17.772266 47.221699
73492 68958 2 80.499196 90.000000 -36.720644 -18.935277 -56.411669 47.057230 32.589404 147.282459
73492 42689 2 80.499196 90.000000 22.681499 -38.067597 -92.484222 -26.083253 34.163876 99.133302
82700 22075 2 80.499196 90.000000 -60.312368 105.795332 -51.600052 79.709673 -93.579303 34.080168
82700 81171 2 80.499196 90.000000 -111.772042 -6.201988 -101.996611 109.108796 26.524033 99.519806
82700 72197 2 80.499196 90.000000 9.436351 -147.903214 -18.014171 -33.669668 143.188993 23.318544
84321 63193 2 80.499196 90.000000 -6.846784 4.380003 -4.350019 17.162690 8.955626 95.155211
84321 97121 2 80.499196 90.000000 76.909253 80.054813 -15.788030 -61.716333 -92.632765 16.252600
84321 47106 2 80.499196 90.000000 -10.542203 104.535962 -72.974856 34.994655 -92.103425 143.999318
93243 10085 2 80.499196 90.000000 71.094783 -140.553801 -22.922069 -88.528600 125.823402 80.456691
99848 73491 2 80.499196 90.000000 -24.477505 -46.255919 -4.659739 15.369945 49.993499 -0.049732
99848 89751 2 80.499196 90.000000 41.708965 3.376049 -12.660729 -40.304806 -11.075742 21.720031
99848 15208 2 80.499196 90.000000 91.591649 31.822873 41.645055 -84.302736 -48.210835 -41.997711
5592 35666 2 81.138848 90.000000 40.303114 66.497071 -41.107720 -40.738225 -61.259906 83.549710
5592 38291 2 81.138848 90.000000 85.828885 16.226866 -25.866891 -94.875201 -21.669495 69.674591
5592 98285 2 81.138848 90.000000 22.334364 120.825779 -31.109641 -16.197789 -107.779728 80.940860
14241 53036 2 81.138848 90.000000 24.377338 104.721661 -6.805618 -18.379310 -96.134040 0.528440
14241 9159 2 81.138848 90.000000 63.692716 59.773029 -22.687772 -66.022898 -60.634806 22.619444
14241 52414 2 81.138848 90.000000 -67.859253 89.061633 -53.215538 82.616752 -73.273313 56.550129
16185 11996 2 81.138848 90.000000 55.033065 8.340137 -10.283688 -60.392518 -14.579595 -11.538356
16185 36658 2 81.138848 90.000000 64.397956 -10.484938 -18.718277 -71.982346 1.345078 6.585536
16185 58917 2 81.138848 90.000000 68.120648 3.895968 -5.596107 -75.217341 -12.045219 -8.519726
16514 27057 2 81.138848 90.000000 60.982381 20.538721 -40.560886 -65.560838 -25.417367 42.179140
16514 99503 2 81.138848 90.000000 24.325577 100.155394 -28.800254 -18.229092 -92.027449 28.963088
16514 77963 2 81.138848 90.000000 34.053211 108.509006 -10.206045 -26.104762 -102.129734 -24.023367
19922 41344 2 81.138848 90.000000 68.811148 7.990829 -32.818826 -66.514420 -22.387298 93.688266
19922 27458 2 81.138848 90.000000 68.589590 -61.418715 -2.367501 -78.382901 45.824723 -26.166231
19922 15880 2 81.138848 90.000000 74.716260 73.337907 -38.750812 -76.458721 -76.148277 32.414242
23207 12082 2 81.138848 90.000000 56.827218 26.486820 -19.561593 -61.979651 -29.690783 45.679809
23207 88169 2 81.138848 90.000000 61.030916 31.150185 6.384261 -65.917737 -34.769900 40.318786
23207 42213 2 81.138848 90.000000 74.190947 13.389188 -18.913568 -81.871567 -20.859140 64.606654
27397 90490 2 81.138848 90.000000 -91.013860 83.011802 -43.547105 106.509471 -66.164029 49.690698
27397 16774 2 81.138848 90.000000 -141.857978 14.555118 -46.257512 150.557724 3.968889 67.233024
27397 89411 2 81.138848 90.000000 -4.910109 65.612806 -105.473891 11.522599 -64.308527 156.141429
28878 5748 2 81.138848 90.000000 84.121219 -24.905137 -74.946894 -90.139726 6.910548 118.994048
28878 11754 2 81.138848 90.000000 73.945222 -94.131422 -59.241175 -87.330339 76.878996 72.973789
28878 88047 2 81.138848 90.000000 94.950650 -82.595295 36.205071 -108.270394 63.655962 -36.961562
29722 37975 2 81.138848 90.000000 67.418021 72.740688 -5.138325 -70.004713 -73.385787 -8.743809
29722 91728 2 81.138848 90.000000 39.421485 -14.331080 93.681367 -44.802783 7.647360 -105.532984
29722 44894 2 81.138848 90.000000 71.234762 76.029377 -43.380280 -67.436486 -83.712315 -35.129893
38009 36060 2 81.138848 90.000000 124.478408 26.243017 -69.904355 -132.669521 -40.249335 80.305002
38009 64251 2 81.138848 90.000000 147.970521 40.901344 -9.553074 -157.290115 -56.345017 25.231730
38009 98900 2 81.138848 90.000000 151.324916 -0.783249 -10.439824 -163.666256 -19.161748 15.119760
41140 99784 2 81.138848 90.000000 15.743563 31.399286 11.452104 -16.205711 -30.557392 -3.269903
41140 98284 2 81.138848 90.000000 -44.515440 55.209296 -18.251095 48.253394 -47.614891 68.766123
41140 20758 2 81.138848 90.000000 34.311893 -58.068939 7.384901 -44.257401 48.222815 10.808538
47553 74023 2 81.138848 90.000000 4.313769 23.003355 -16.876400 -5.322270 -26.642889 71.628001
47553 82374 2 81.138848 90.000000 12.860693 -14.193464 -62.900532 -14.215634 12.410703 59.049591
47553 50034 2 81.138848 90.000000 17.523019 61.978509 1.059337 -15.894860 -60.698088 41.960149
50103 69404 2 81.138848 90.000000 59.976314 -6.595104 -13.840282 -63.957628 -2.530180 12.978277
50103 9880 2 81.138848 90.000000 34.245474 -12.752012 65.702130 -37.444698 7.009658 -67.930000
50103 773 2 81.138848 90.000000 13.808244 -52.130618 -82.867979 -19.909219 46.771658 86.713025
51158 23267 2 81.138848 90.000000 62.215311 5.593392 -14.232718 -65.965797 -11.920343 -11.234372
51158 66600 2 81.138848 90.000000 59.461985 36.483370 -25.638531 -63.266587 -42.637389 44.553927
51158 92081 2 81.138848 90.000000 -117.501213 -31.935426 -49.858606 124.694194 34.456099 106.590568
57585 60810 2 81.138848 90.000000 45.255715 96.239887 -47.278691 -40.894856 -90.879500 38.157257
57585 72581 2 81.138848 90.000000 -17.568328 118.909868 -56.514718 30.608291 -109.297310 78.663284
57585 92351 2 81.138848 90.000000 -132.399673 -46.540241 -68.946014 142.708126 58.942556 1.176727
58455 9660 2 81.138848 90.000000 31.944615 72.463223 -9.684155 -27.431501 -67.768718 1.715356
58455 22778 2 81.138848 90.000000 24.063372 89.827170 -44.210806 -17.322071 -83.294767 42.821699
58455 39133 2 81.138848 90.000000 -60.475545 89.449259 -1.007709 77.646428 -74.580177 -30.473801
64445 65080 2 81.138848 90.000000 -20.568997 48.326431 -23.578112 13.972204 -39.649010 76.524328
64445 61077 2 81.138848 90.000000 12.742863 59.355771 28.337944 -25.656724 -56.486106 54.165647
64445 96435 2 81.138848 90.000000 34.986129 36.164360 5.421079 -52.671977 -43.451874 103.116599
74015 96388 2 81.138848 90.000000 29.837940 112.118953 -10.169124 -23.536516 -102.871666 6.488134
74015 57382 2 81.138848 90.000000 76.772110 60.866296 2.648382 -80.535272 -62.725332 -3.085930
74015 86850 2 81.138848 90.000000 77.115033 54.019683 -42.686199 -81.392399 -56.765199 39.431021
79012 69392 2 81.138848 90.000000 74.548680 21.791707 19.157248 -83.008646 -28.193594 34.569483
79012 51541 2 81.138848 90.000000 9.291186 -118.459190 -2.530595 -26.294493 111.750932 73.735870
79012 47992 2 81.138848 90.000000 90.440717 7.406380 -9.695069 -98.488826 -21.281530 107.607358
79759 18692 2 81.138848 90.000000 -76.313498 -101.954588 89.818547 64.010187 110.331841 -102.573100
79759 62978 2 81.138848 90.000000 -130.164376 -79.731768 -15.537781 122.333478 97.487178 -21.842300
79759 81076 2 81.138848 90.000000 -112.082331 -115.552202 36.573434 97.859552 129.277115 -62.480034
82915 28882 2 81.138848 90.000000 65.829453 35.479571 37.645688 -75.923310 -40.639777 31.229774
82915 69309 2 81.138848 90.000000 -2.631542 -20.180419 -90.899414 -6.861590 18.943353 159.583635
82915 31764 2 81.138848 90.000000 74.122363 -17.721382 15.696679 -87.523247 7.531768 27.531941
83936 31673 2 81.138848 90.000000 -34.732209 -101.551340 110.257378 25.010372 103.031360 -88.203860
87582 72627 2 81.138848 90.000000 -34.486856 -127.936726 82.389175 18.457636 128.360085 -66.291473
99126 71617 2 81.138848 90.000000 18.819555 83.392247 29.148655 -14.403538 -75.733477 -44.704013
99126 49286 2 81.138848 90.000000 -39.224875 108.606237 -13.861699 52.523411 -92.927020 -8.717502
99126 92948 2 81.138848 90.000000 12.418618 103.841661 9.288395 -5.233285 -93.237725 -20.187387
45093 72501 2 82.065217 90.000000 78.132453 -14.571564 97.404891 -83.860745 1.266160 -124.233225
45093 15230 2 82.065217 90.000000 122.667310 -36.431160 24.662675 -132.287015 18.060894 -36.836734
45093 9135 2 82.065217 90.000000 76.972378 -132.123699 -65.100145 -92.300334 115.160608 62.476200
50766 61677 2 82.065217 90.000000 8.276552 50.018419 100.320244 -4.309847 -56.948075 -162.461351
50766 11797 2 82.065217 90.000000 -33.553613 82.517529 122.500838 46.078577 -71.548221 -99.923646
50766 327 2 82.065217 90.000000 62.499743 21.527369 111.617450 -65.520048 -30.684841 -140.016037
21254 54111 2 82.067653 90.000000 66.580403 -39.464369 16.919646 -70.788311 29.257873 -0.592295
21254 60815 2 82.067653 90.000000 11.085730 -30.739606 55.763767 -11.579523 26.769357 -84.290981
21254 67284 2 82.067653 90.000000 54.092208 -31.430577 -64.184623 -57.562168 23.290360 79.751832
43096 74657 2 82.067653 90.000000 -20.120176 -1.998515 -29.650965 19.712855 5.006859 25.166948
43096 43167 2 82.067653 90.000000 -14.999111 -18.411073 -40.781470 12.614982 20.461911 36.434019
43096 70522 2 82.067653 90.000000 27.404927 -11.272520 -80.027024 -28.463473 6.677150 86.548464
95623 31501 2 82.067653 90.000000 -40.653540 13.390937 -48.803623 42.027085 -7.030009 36.446122
95623 85089 2 82.067653 90.000000 -32.933519 49.099076 -12.504040 44.013364 -43.774189 50.055655
95623 88635 2 82.067653 90.000000 22.895417 20.793557 -36.022424 -19.037527 -24.359098 43.048351
13887 18379 2 82.085242 90.000000 65.255504 105.938107 56.021500 -49.277189 -118.213978 1.719839
13887 61106 2 82.085242 90.000000 79.814366 103.300514 58.403556 -63.399593 -115.768744 -48.322079
41808 90319 2 82.085242 90.000000 -4.039647 9.099617 -8.535786 5.961494 -8.356485 25.949446
41808 77468 2 82.085242 90.000000 12.330449 15.352904 -52.610383 -9.706423 -16.865778 33.086226
41808 62821 2 82.085242 90.000000 0.479461 -43.872261 5.408985 -6.119653 43.404819 -3.953465
59900 87514 2 82.085242 90.000000 5.244331 -8.006258 -43.958013 -5.370452 4.352753 93.184612
59900 84521 2 82.085242 90.000000 -71.490437 36.159917 16.325437 75.554967 -25.447689 -0.877918
59900 47876 2 82.085242 90.000000 -68.271297 -67.635373 74.300456 58.616531 76.717231 -49.729458
60858 27088 2 82.085242 90.000000 39.768970 68.349509 12.018594 -34.939380 -78.111798 -46.839156
60858 6063 2 82.085242 90.000000 52.958695 -87.332694 58.556049 -73.057153 74.081009 -91.712251
71325 26725 2 82.085242 90.000000 43.170530 19.210775 -24.027837 -45.885799 -34.116690 97.694231
71325 56306 2 82.085242 90.000000 89.892079 -64.329292 -10.932466 -99.548621 37.715537 121.003751
71325 50450 2 82.085242 90.000000 -65.490092 47.145470 18.256114 66.805489 -45.411890 63.097984
81591 41029 2 82.085242 90.000000 -22.572067 -74.467702 -49.333740 15.380959 77.770991 22.124089
81591 6042 2 82.085242 90.000000 44.439602 -77.113250 84.873938 -43.820352 73.893355 -3.428546
81591 26835 2 82.085242 90.000000 13.561880 -101.320536 -69.417827 -24.051896 98.814962 67.259407
11462 47574 2 82.136001 90.000000 -1.231202 50.377276 -2.682379 5.824013 -58.831957 18.889935
11462 40484 2 82.136001 90.000000 -17.372846 31.364179 -9.287631 16.739290 -34.806009 37.492547
11462 68995 2 82.136001 90.000000 32.740225 -14.627264 -2.310730 -33.796007 9.321427 56.716148
57798 94418 2 82.136001 90.000000 11.139138 23.215763 -10.516874 -26.190770 -39.486880 -93.801416
57798 40085 2 82.136001 90.000000 -22.242210 24.030435 20.762110 18.956064 -24.913004 -50.851832
57798 47576 2 82.136001 90.000000 -6.879412 -23.655160 -10.394958 -3.349297 25.481096 -46.577988
7486 33431 2 82.359184 90.000000 50.168541 -30.479025 -39.847112 -56.607879 0.039166 -54.168670
7486 96361 2 82.359184 90.000000 95.313208 97.496242 -19.586667 -85.451558 -125.114359 -40.204823
7486 95874 2 82.359184 90.000000 125.957222 84.829729 -19.277466 -117.307962 -112.991172 -23.823954
21129 37915 2 82.359184 90.000000 -64.584550 35.243186 -21.673508 69.269573 -25.240307 18.453620
21129 68783 2 82.359184 90.000000 6.109496 34.685825 -42.606550 -0.644149 -35.104776 36.070187
21129 43085 2 82.359184 90.000000 36.199594 -57.111859 -71.786685 -40.903826 49.910014 118.913085
34654 25019 2 82.359184 90.000000 59.242673 71.682744 73.215373 -51.030444 -84.477188 -113.644676
34654 81247 2 82.359184 90.000000 89.617629 79.219850 53.127830 -79.576263 -94.141070 -78.322754
34654 77152 2 82.359184 90.000000 141.956965 -15.822884 -1.178635 -143.939088 -10.827418 -47.970345
43572 66121 2 82.359184 90.000000 -17.432774 71.396036 2.385155 28.107946 -68.005037 -0.833544
43572 29262 2 82.359184 90.000000 16.933658 50.458843 -36.527533 -8.064870 -52.084316 12.764246
43572 95700 2 82.359184 90.000000 -19.501652 -38.663102 -66.858493 13.421258 41.012932 71.044833
46238 95288 2 82.359184 90.000000 -31.006274 -33.210195 -102.206738 25.643848 37.662379 98.271176
46238 60778 2 82.359184 90.000000 -13.908297 -43.763592 -118.587045 7.280513 44.828116 130.799614
46238 9643 2 82.359184 90.000000 -64.049465 95.324464 -30.354323 77.817672 -84.730206 33.834221
59009 49093 2 82.359184 90.000000 65.479879 49.009893 4.480129 -57.237406 -58.133869 -3.132398
59009 71352 2 82.359184 90.000000 116.819637 68.149938 -5.842076 -105.143682 -84.878756 -0.556479
59009 6989 2 82.359184 90.000000 48.696122 -43.355661 -117.345181 -54.659128 35.197385 120.545441
62968 30782 2 82.359184 90.000000 -27.246808 106.741892 30.488692 42.142804 -101.488948 -36.406000
62968 75518 2 82.359184 90.000000 6.096916 -24.504400 126.088012 -12.837412 20.566545 -158.152188
62968 69913 2 82.359184 90.000000 61.353815 91.655840 -99.139606 -47.366021 -101.429330 75.424275
66280 49524 2 82.376774 90.000000 23.337716 96.452074 -51.513554 -16.264495 -100.908368 -17.515264
66280 4856 2 82.376774 90.000000 84.482079 63.415727 -47.153670 -66.348455 -75.662933 71.617404
66280 48159 2 82.376774 90.000000 138.992428 -11.644787 -72.454295 -142.489479 -10.171217 -47.462564
7312 5245 2 82.650715 90.000000 25.240389 79.233254 -8.217437 -14.426758 -77.944936 38.783963
7312 70652 2 82.650715 90.000000 -29.711260 127.600906 70.481743 43.540967 -123.962823 -79.342131
7312 61772 2 82.650715 90.000000 114.446629 -27.561802 -60.837559 -115.522250 14.122274 90.124136
8219 64521 2 82.650715 90.000000 23.149345 9.781734 -66.990791 -20.900591 -12.629702 76.893611
8219 11803 2 82.650715 90.000000 92.185827 26.762488 -38.720860 -85.115929 -37.980454 73.952611
8219 34789 2 82.650715 90.000000 -4.809512 60.108545 -66.427845 15.041664 -60.366269 33.540921
11509 90948 2 82.650715 90.000000 86.977874 33.391975 54.573498 -82.141446 -42.295257 -38.921135
11509 44856 2 82.650715 90.000000 56.028903 -1.261888 120.737841 -57.818429 -16.351371 -162.443680
22672 96356 2 82.650715 90.000000 79.164606 -16.201487 33.841281 -75.133896 -4.751435 -94.350580
22672 90323 2 82.650715 90.000000 106.542036 -26.757208 40.950829 -108.045116 16.239580 -5.721460
22672 22639 2 82.650715 90.000000 70.140303 105.354281 37.962279 -52.390826 -108.584993 -0.161490
25523 81686 2 82.650715 90.000000 14.879164 -87.298836 76.883476 -30.325197 80.285176 -110.335811
25523 64419 2 82.650715 90.000000 -61.300207 -81.042156 24.517047 46.261025 74.065909 -117.733321
25523 9642 2 82.650715 90.000000 -4.153658 -72.036988 -116.780629 -5.040790 67.255645 103.580384
29574 69369 2 82.650715 90.000000 111.536143 57.556237 71.359156 -91.441601 -63.188527 -3.735210
47202 37811 2 82.650715 90.000000 63.619018 81.545963 -45.603237 -51.546574 -89.876608 41.425430
47202 42119 2 82.650715 90.000000 23.175394 -28.526396 -109.206153 -26.986529 24.596840 113.895058
47202 94969 2 82.650715 90.000000 54.893435 49.132116 -130.725817 -47.316626 -56.948797 136.854797
62666 47774 2 82.650715 90.000000 3.325968 -101.372306 -87.369632 -18.204331 99.400520 90.711650
62666 42399 2 82.650715 90.000000 118.786156 -2.322102 -124.882482 -118.325701 -15.128615 124.046500
75967 34111 2 82.650715 90.000000 -31.471261 80.252011 -79.202834 28.257165 -70.591135 147.909072
75967 8069 2 82.650715 90.000000 32.149370 93.992715 26.901514 -34.107902 -93.350094 65.690540
75967 2396 2 82.650715 90.000000 116.351291 43.197471 2.897289 -123.098229 -55.827840 67.047237
81867 46533 2 82.650715 90.000000 5.671835 -27.349655 47.483917 -9.644406 32.136584 -20.152714
81867 75457 2 82.650715 90.000000 -20.032741 -73.742934 27.491924 8.663391 76.160758 -25.947718
81867 34770 2 82.650715 90.000000 79.345220 -29.644242 99.769991 -85.588070 21.470138 -83.564235
86299 97224 2 82.650715 90.000000 -55.639812 -106.180085 18.741812 43.306468 103.629393 -67.692512
86299 35046 2 82.650715 90.000000 -71.802087 -99.937516 12.595019 70.275666 112.845090 15.323967
95001 21760 2 82.650715 90.000000 59.142155 72.257977 -12.441879 -51.412194 -82.398669 -4.585149
99609 90448 2 82.650715 90.000000 24.247868 -16.445598 -42.244187 -20.635346 13.713815 72.488392
99609 92499 2 82.650715 90.000000 -38.536177 -88.778570 -92.722239 27.488117 90.447752 73.081840
99609 46195 2 82.650715 90.000000 -38.672072 -138.397814 36.177692 22.456013 138.067100 -72.585963
3131 54186 2 83.384995 90.000000 -12.159663 144.791353 18.184689 28.556948 -134.874868 -0.772564
5757 96168 2 83.384995 90.000000 -63.909030 97.750897 7.120994 63.145564 -83.062629 -90.008747
5757 22305 2 83.384995 90.000000 -11.742135 109.843381 -59.523605 8.796697 -101.839831 -59.216802
5757 12702 2 83.384995 90.000000 -101.767809 9.244141 -129.372715 95.602071 2.986112 58.299770
7227 69193 2 83.384995 90.000000 -20.547086 144.066783 -24.583093 36.431816 -134.046310 9.136693
7227 48712 2 83.384995 90.000000 31.104008 143.004656 -35.971884 -19.394320 -135.300904 26.284117
7227 81570 2 83.384995 90.000000 -9.983359 113.320658 -106.311349 19.729609 -105.739811 134.375925
13412 11918 2 83.384995 90.000000 -5.514264 65.965117 -26.892275 11.135217 -59.927217 26.155321
13412 2723 2 83.384995 90.000000 -10.542423 87.157017 9.611629 18.252486 -80.985514 -31.927318
13412 22003 2 83.384995 90.000000 20.859695 75.457303 9.518708 -17.155602 -70.806780 -19.046055
20154 76588 2 83.384995 90.000000 79.369110 124.470395 -20.221996 -76.294138 -120.019844 18.238875
20154 39038 2 83.384995 90.000000 25.915656 156.238919 -34.397177 -14.002736 -146.613579 6.083795
20154 76921 2 83.384995 90.000000 44.478347 156.572671 -8.872074 -35.650817 -147.193126 2.439825
28673 50932 2 83.384995 90.000000 17.270810 69.368270 20.070862 -14.423137 -66.546843 -41.816957
80519 23452 2 83.384995 90.000000 -50.482558 158.828980 20.630217 66.720067 -145.297109 -45.656906
80519 91597 2 83.384995 90.000000 96.082106 107.849127 -13.928329 -96.076909 -105.258199 0.476542
80519 1321 2 83.384995 90.000000 20.157459 158.502008 -41.650497 -9.223208 -147.904231 21.228239
97149 22436 2 83.384995 90.000000 -31.959150 148.223037 35.418586 54.566652 -134.179103 2.903474
97149 72071 2 83.384995 90.000000 23.118317 136.820377 60.328838 -2.771439 -126.292905 -13.231844
97149 25690 2 83.384995 90.000000 47.074219 56.163027 113.145414 -48.680032 -60.739937 -136.578675
9918 84393 2 84.696504 90.000000 5.879081 46.993596 9.313567 -1.735377 -52.174183 -12.736392
9918 22519 2 84.696504 90.000000 -44.744651 43.696154 -18.186823 31.297184 -61.449148 -82.694948
9918 68750 2 84.696504 90.000000 33.128862 20.604428 -28.915437 -28.210062 -24.505576 15.723959
24496 44768 2 84.696504 90.000000 -53.286779 44.790532 36.712066 51.237664 -42.602415 -61.182065
24496 3669 2 84.696504 90.000000 62.907358 -21.485036 16.039095 -58.690653 13.716962 -10.396277
35873 54955 2 84.696504 90.000000 7.822530 72.867786 -12.605718 -3.972863 -85.392408 48.239143
35873 71304 2 84.696504 90.000000 -41.000028 49.852507 -42.523326 36.600397 -57.780401 -38.922240
35873 50839 2 84.696504 90.000000 17.970824 -22.941180 15.789337 -18.190821 25.532749 -32.582878
27812 7411 2 84.720445 90.000000 116.482571 -21.174505 -41.757330 -126.900752 -7.223907 49.797164
27812 36300 2 84.720445 90.000000 -95.081701 46.672740 -33.015195 98.396035 -21.340987 49.192241
27812 21319 2 84.720445 90.000000 -84.632859 -20.198185 -15.778900 51.258889 28.555717 103.170808
67234 49666 2 84.720445 90.000000 140.121904 -72.374092 15.255450 -148.336311 37.891823 -33.738873
67234 39995 2 84.720445 90.000000 -99.401200 15.044535 -33.320089 103.793157 12.004726 29.779374
74868 57599 2 85.331339 90.000000 94.203457 45.568516 52.014342 -95.146797 -36.916776 -38.012007
2440 77976 2 85.573014 90.000000 27.985088 57.008005 13.685105 -25.338959 -59.873963 25.778163
2440 18314 2 85.573014 90.000000 108.419191 44.224638 -1.611250 -106.688430 -54.132315 39.451353
9131 28430 2 85.573014 90.000000 -67.718524 51.087742 -112.928377 71.094352 -45.922964 129.695986
10678 71362 2 85.573014 90.000000 123.350193 -15.624683 85.207271 -130.630747 1.534268 -33.487995
12536 6266 2 85.573014 90.000000 1.037229 81.291259 94.710672 5.058099 -82.671827 -134.568757
12536 16812 2 85.573014 90.000000 59.133409 92.206049 36.227918 -54.300939 -96.492717 -39.852566
29760 79574 2 85.573014 90.000000 114.065873 98.353548 4.999730 -107.806899 -107.668351 -0.762837
77195 71460 2 85.573014 90.000000 64.732007 83.067695 -74.778501 -57.324389 -86.171133 55.336843
19394 43914 2 86.461436 90.000000 61.784486 45.145594 15.203714 -57.493773 -53.729407 -12.152556
19394 52109 2 86.461436 90.000000 -9.126713 18.779856 33.963597 8.796490 -19.194463 -32.121221
19394 34025 2 86.461436 90.000000 25.137084 -27.981746 5.107550 -33.350250 22.717506 70.983156
52161 11255 2 86.461436 90.000000 -8.532649 32.887635 7.388042 8.551269 -33.390923 -2.699625
52161 98760 2 86.461436 90.000000 -54.394704 39.308491 29.218630 20.823573 -45.986380 98.202726
52161 36383 2 86.461436 90.000000 9.694712 -7.297634 -41.075337 -11.554867 4.889671 1.664205
82253 22187 2 86.461436 90.000000 -13.801621 9.184991 23.703865 8.254746 -11.974825 22.869826
82253 87294 2 86.461436 90.000000 28.603026 67.670355 -16.175424 -25.260224 -74.748002 5.543129
82253 70926 2 86.461436 90.000000 -20.145761 -18.204263 -9.666958 18.515052 21.462841 -3.237770
86989 51056 2 87.005527 90.000000 -37.689861 11.230212 157.752131 39.385860 -13.608179 -159.481427
92854 75992 2 87.005527 90.000000 26.232546 128.020796 -95.608797 -25.285895 -121.416297 58.814032
